1 8915
2 374
3 7012
4 10579
5 8703
6 12257
7 10533
8 11259
9 8592
10 10999
11 8761
12 8298
13 9882
14 8564
15 10603
16 9921
17 5543
18 6747
19 5609
20 5719
21 5459
22 5642
23 6370
25 6164
26 6439
29 5706
30 0
35 6048
39 7130
40 5578
42 6740
44 940
46 0
47 1
50 342
51 0
52 0
55 7664
56 6659
57 7343
58 6572
59 6112
60 7561
61 8600
62 7211
63 7041
64 6895
65 6757
66 6432
67 7013
68 7164
69 6319
70 6983
71 6266
72 9427
73 11740
74 11689
75 5502
76 7151
77 10803
78 9468
79 9202
80 8216
81 10274
82 8968
83 5278
84 7335
85 5791
86 5241
87 5739
88 5533
89 7644
90 8312
91 10102
92 6972
93 9202
94 8795
95 9252
96 8936
97 8600
98 8696
99 11597
100 9064
101 8899
102 7659
103 7016
104 5620
105 9279
106 8557
107 8206
108 8081
109 7427
110 7232
111 9463
112 7254
113 7815
114 7219
115 9236
116 6052
117 11918
118 9263
119 10380
120 6405
121 3090
122 8059
123 8722
124 8357
125 5854
126 7405
127 6744
128 8046
129 8570
130 9285
131 6444
132 7831
133 5070
134 7994
135 5066
136 6451
137 6568
138 6523
139 4986
140 5660
141 6354
142 4961
143 7078
144 6256
145 6612
146 6769
147 6421
148 7819
149 8209
150 9043
151 5275
152 4118
153 8133
154 8494
155 9661
156 11382
157 7150
158 9145
159 8849
160 11103
161 7645
162 7047
163 7585
164 5603
165 7972
166 4540
167 6488
168 7934
169 5011
170 7065
171 7335
172 7340
173 8590
174 5960
175 7065
176 8045
177 7241
178 7878
179 8301
180 7063
181 8880
182 9789
183 5828
184 7647
185 6421
186 3724
187 10380
188 7279
189 8925
190 6929
191 7145
192 7978
193 4391
194 8178
195 7014
196 11141
197 6109
198 3615
199 7994
200 7534
201 6418
202 6788
203 4440
204 7979
205 5516
206 8379
207 6138
208 5495
209 9521
210 4887
211 9399
212 9281
213 5844
214 11641
215 5888
216 10064
217 5915
218 5648
219 6899
220 7309
221 9352
222 6335
223 7846
224 7958
225 6184
226 7246
227 7039
228 6851
229 7358
230 6732
231 7871
232 5808
233 5857
234 8383
235 9482
236 8809
237 6455
238 7506
239 6928
240 4466
241 6932
242 7579
243 6022
244 6181
245 5900
246 6643
247 9172
248 6633
249 8857
250 6917
251 8612
252 8707
253 5756
254 8376
255 7651
256 7402
257 8372
258 5713
259 5846
260 7496
261 3965
262 8074
263 6199
264 7700
265 9329
266 5210
267 6430
268 6449
269 4835
270 6118
271 5240
272 8370
273 10300
274 8553
275 10388
276 5316
277 9274
278 10133
279 8256
280 9486
281 8605
282 6556
283 7429
284 7226
285 6468
286 7146
287 6973
288 6286
289 5644
290 6182
291 6695
292 6256
293 7177
294 5902
295 5832
296 7277
297 6400
298 5126
299 9945
300 9869
301 10725
302 4999
303 9529
304 7716
305 8884
306 4746
307 8717
308 5592
309 8983
310 6542
311 6701
312 7484
313 6862
314 6340
315 10549
316 6327
317 8086
318 6439
319 11202
320 4056
321 4312
322 6970
323 4495
324 3599
325 3365
326 3911
327 3187
328 4493
329 3821
330 5505
331 3674
332 4921
333 4521
334 5720
335 2825
336 4000
337 3269
338 3255
339 5543
340 3455
341 5290
342 5105
343 8640
344 8482
345 8822
346 8283
347 6829
348 8544
349 9427
350 9957
351 9334
352 9276
353 8821
354 8731
355 9515
356 6065
357 6766
358 7641
359 7666
360 8242
361 8340
362 12503
363 10570
364 10502
365 6844
366 7927
367 7162
368 6451
369 7056
370 6310
371 10964
372 6861
373 7963
374 8017
375 5730
376 10495
377 7779
378 12417
379 11423
380 10721
381 5015
382 8271
383 7856
384 5849
385 7148
386 5407
387 6837
388 7245
389 5771
390 6930
391 7281
392 8200
393 7724
394 8528
395 7329
396 8985
397 6094
398 7308
399 7109
400 4381
401 10683
402 11170
403 13198
404 12173
405 9059
406 10100
407 10295
408 11552
409 10338
410 13810
411 9012
412 9101
413 9221
414 8718
415 9745
416 10523
417 9418
418 8410
419 8566
420 8772
421 6068
422 6821
423 6499
424 10170
425 6274
426 5924
427 6292
428 7256
429 8298
430 5953
431 6163
432 5717
433 5906
434 6177
435 7139
436 10535
437 6058
438 7690
439 9320
440 7007
441 6110
442 6379
443 8286
444 6148
445 6430
446 7068
447 8323
448 5536
449 8704
450 5936
451 5515
452 8620
453 8663
454 9003
455 3726
456 5056
457 4521
458 7233
459 3208
460 6772
461 5711
462 7323
463 3211
464 5455
465 5951
466 4886
467 4945
468 6322
469 6140
470 4525
471 6319
472 3321
473 4303
474 5055
475 4622
476 9402
477 10443
478 9624
479 8454
480 8439
481 10117
482 8861
483 10274
484 9481
485 10147
486 10569
487 9873
488 11642
489 10002
490 9968
491 10379
492 4789
493 7921
494 9731
495 9387
496 8358
497 7198
498 6058
499 7904
500 4553
501 7743
502 8249
503 9623
504 7776
505 6688
506 6168
507 8706
508 6846
509 9866
510 5867
511 7973
512 7872
513 8757
514 4890
515 8107
516 5751
517 7309
518 5868
519 6745
520 7641
521 7403
522 5281
523 9978
524 5936
525 5422
526 6596
527 5912
528 8147
529 8875
530 8487
531 8974
532 6386
533 8092
534 6719
535 6617
536 7333
537 6017
538 7050
539 7525
540 5890
541 7981
542 7496
543 7864
544 8942
545 9940
546 9177
547 7483
548 7912
549 8944
550 7746
551 8373
552 7723
553 7971
554 7981
555 7427
556 7626
557 7180
558 8093
559 8346
560 7613
561 7276
562 7280
563 6360
564 7941
565 3243
566 5692
567 6380
568 7917
569 8274
570 6200
571 10060
572 8323
573 11462
574 5780
575 10363
576 6854
577 8525
578 5645
579 4887
580 10176
581 7710
582 5032
583 6408
584 5548
585 9674
586 8053
587 10182
588 5322
589 6282
590 9450
591 3153
592 5935
593 5213
594 5330
595 8284
596 4249
597 9347
598 5418
599 5685
600 7172
601 5194
602 5095
603 5980
604 5643
605 7172
606 4634
607 8559
608 5837
609 5273
610 8580
611 3637
612 5772
613 5444
614 5270
615 5319
616 5988
617 5640
618 5390
619 5752
620 6169
621 5835
622 5072
623 5103
624 5135
625 4970
626 4884
627 5211
628 4763
629 5660
630 5532
631 7244
632 8559
633 6167
634 6198
635 6164
636 4799
637 6485
638 7748
639 5428
640 8873
641 7291
642 7717
643 8915
644 6420
645 2918
646 5677
647 7275
648 8952
649 7391
650 7584
651 4583
652 4001
653 6273
654 10264
655 6791
656 3207
657 6182
658 4316
659 8515
660 6785
661 8147
662 7268
663 5267
664 3129
665 4999
666 5377
667 8252
668 6798
669 5764
670 5415
671 4401
672 4676
673 4423
674 3621
675 7815
676 6138
677 4528
678 3052
679 4509
680 3137
681 7742
682 4534
683 8112
684 5306
685 8247
686 7504
687 11428
688 8551
689 8383
690 7838
691 7266
692 6501
693 6260
694 6904
695 6540
696 6438
697 7528
698 5986
699 5829
700 6603
701 6533
702 6566
703 6534
704 7030
705 5897
706 8450
707 5437
708 5699
709 9179
710 14423
711 9204
712 10055
713 8610
714 10072
715 9605
716 15504
717 6939
718 8140
719 9582
720 10845
721 7755
722 5698
723 7303
724 4636
725 4976
726 5379
727 5371
728 4599
729 6628
730 3044
731 4042
732 9588
733 4958
734 7563
735 7125
736 8412
737 6892
738 6092
739 6709
740 6763
741 7155
742 6910
743 8359
744 7493
745 5586
746 6793
747 8124
748 7138
749 9138
750 5849
751 7653
752 8421
753 7400
754 9197
755 9150
756 7680
757 7941
758 7637
759 6841
760 8530
761 8428
762 7925
763 5956
764 5822
765 5992
766 4773
767 5398
768 5479
769 5589
770 5770
771 6637
772 6180
773 7081
774 7806
775 6879
776 6193
777 6360
778 9043
779 9870
780 7450
781 8692
782 7910
783 5540
784 9899
785 786
786 7037
787 3791
788 6053
789 5068
790 8352
791 7706
792 8343
793 5677
794 6035
795 7469
796 7673
797 6193
798 6272
799 7981
800 8455
801 8767
802 7447
803 8495
804 9312
805 7397
806 6812
807 8970
808 6623
809 7081
810 8367
811 6921
812 7888
813 5854
814 7134
815 4657
816 3371
817 4375
818 4295
819 4472
820 5914
821 4953
822 5091
823 4305
824 4835
825 4235
826 4290
827 4437
828 4046
829 4497
830 3917
831 4321
832 3740
833 4081
834 4679
835 4000
836 8784
837 9571
838 9865
839 13644
840 9110
841 8137
842 7872
843 10246
844 9055
845 9024
846 11807
847 8598
848 9656
849 7767
850 8339
851 9192
852 8990
853 8349
854 10004
855 8405
856 7067
857 9230
858 11016
859 7823
860 9015
861 9138
862 9054
863 6940
864 6478
865 7111
866 7503
867 6733
868 8215
869 8317
870 7547
871 10037
872 8450
873 6822
874 7300
875 7232
876 8902
877 6698
878 7528
879 7320
880 7402
881 12367
882 12238
883 10000
884 10325
885 10980
886 20603
887 24453
888 10276
889 16379
890 10476
891 10598
892 10741
893 14743
894 12228
895 8690
896 7567
897 8136
898 10348
899 10343
900 11846
901 12207
902 10885
903 6948
904 13597
905 10535
906 9930
907 8484
908 8307
909 8085
910 10707
911 6598
912 6264
913 5944
914 6705
915 7117
916 6788
917 6520
918 6585
919 8246
920 9006
921 4838
922 6607
923 7066
924 7633
925 7179
926 6618
927 6420
928 8040
929 7902
930 6813
931 8059
932 7271
933 7951
934 8994
935 8171
936 7613
937 7672
938 8507
939 6916
940 7768
941 7745
942 7540
943 7819
944 8844
945 7094
946 7619
947 7657
948 7642
949 9484
950 10717
951 10780
952 8943
953 8811
954 9206
955 8181
956 8575
957 8807
958 8398
959 9402
960 9749
961 8387
962 9253
963 8307
964 8256
965 8737
966 9662
967 10259
968 10294
969 8919
970 8291
971 10776
972 6441
973 6784
974 6797
975 6292
976 6356
977 7253
978 7450
979 5977
980 7199
981 6411
982 7081
983 8424
984 6243
985 7150
986 6522
987 6758
988 6625
989 6964
990 7454
991 7148
992 6421
993 10191
994 8447
995 8310
996 9301
997 6819
998 6882
999 10184
1000 6924
1001 10777
1002 5596
1003 10474
1004 6749
1005 10961
1006 8638
1007 7255
1008 6790
1009 7647
1010 6618
1011 7441
1012 6395
1013 7090
1014 6113
1015 6667
1016 6524
1017 7404
1018 7593
1019 6521
1020 6873
1021 6330
1022 6149
1023 6896
1024 5483
1025 6849
1026 18617
1027 24844
1028 16042
1029 16928
1030 26893
1031 15387
1032 16291
1033 16146
1034 14120
1035 16932
1036 17861
1037 13414
1038 20252
1039 15869
1040 17479
1041 16383
1042 15646
1043 23565
1044 15306
1045 25772
1046 15791
1047 14792
1048 14843
1049 15250
1050 18176
1051 7227
1052 6759
1053 6576
1054 6440
1055 7176
1056 6718
1057 6873
1058 6588
1059 7267
1060 6353
1061 7251
1062 8005
1063 7086
1064 6375
1065 6108
1066 7972
1067 7830
1068 12780
1069 6380
1070 6291
1071 5608
1072 5954
1073 6718
1074 6077
1075 6804
1076 7911
1077 5459
1078 5819
1079 6133
1080 6667
1081 6461
1082 6026
1083 7466
1084 5459
1085 7300
1086 6111
1087 6562
1088 6260
1089 6301
1090 6678
1091 9239
1092 7032
1093 7458
1094 6345
1095 6825
1096 9470
1097 7101
1098 7909
1099 7156
1100 8208
1101 6394
1102 9224
1103 10161
1104 14279
1105 9648
1106 10620
1107 10637
1108 13056
1109 12432
1110 10856
1111 11165
1112 13665
1113 10449
1114 10789
1115 5094
1116 6118
1117 7247
1118 5169
1119 6019
1120 5555
1121 4975
1122 6186
1123 5262
1124 5244
1125 5808
1126 6414
1127 5530
1128 6418
1129 4721
1130 5268
1131 4872
1132 5836
1133 4844
1134 5109
1135 4825
1136 5894
1137 5130
1138 8446
1139 7398
1140 8172
1141 5665
1142 5249
1143 6636
1144 5732
1145 9684
1146 6530
1147 7123
1148 7294
1149 6053
1150 5866
1151 5581
1152 7503
1153 5915
1154 5348
1155 6962
1156 8373
1157 5754
1158 5532
1159 7013
1160 5835
1161 9870
1162 7159
1163 5972
1164 6029
1165 5910
1166 7588
1167 6805
1168 5714
1169 6936
1170 5410
1171 6105
1172 5335
1173 5909
1174 4476
1175 4775
1176 7237
1177 5195
1178 6061
1179 6296
1180 5760
1181 5648
1182 5380
1183 6020
1184 4869
1185 5863
1186 5508
1187 5198
1188 4729
1189 4745
1190 5485
1191 5149
1192 4747
1193 5757
1194 5014
1195 5141
1196 5677
1197 4855
1198 4437
1199 4746
1200 5243
1201 8358
1202 8676
1203 9919
1204 9554
1205 9209
1206 13276
1207 11403
1208 8857
1209 9828
1210 8373
1211 9996
1212 8443
1213 4770
1214 3631
1215 3565
1216 1287
1217 3205
1218 2760
1219 3420
1220 1329
1221 3925
1222 4054
1223 3621
1224 4350
1225 4127
1226 3962
1227 4091
1228 4300
1229 3579
1230 3613
1231 4233
1232 3281
1233 4288
1234 3478
1235 3563
1236 5327
1237 6227
1238 4023
1239 3245
1240 3582
1241 5861
1242 4491
1243 2800
1244 3156
1245 3835
1246 3032
1247 4263
1248 3790
1249 4316
1250 1812
1251 4786
1252 5246
1253 4631
1254 3504
1255 4463
1256 4475
1257 4030
1258 10289
1259 10015
1260 16205
1261 15501
1262 9027
1263 10728
1264 8717
1265 10579
1266 14908
1267 13554
1268 7017
1269 9022
1270 9540
1271 8185
1272 8868
1273 6516
1274 7387
1275 6861
1276 6436
1277 6426
1278 7802
1279 6387
1280 6520
1281 7556
1282 11382
1283 6884
1284 6611
1285 7429
1286 6707
1287 7564
1288 7158
1289 7535
1290 12659
1291 12881
1292 12352
1293 9472
1294 9504
1295 10698
1296 9738
1297 11355
1298 12765
1299 14026
1300 10152
1301 12717
1302 10280
1303 11301
1304 11263
1305 9980
1306 11645
1307 8341
1308 3770
1309 9800
1310 8373
1311 8519
1312 7926
1313 9462
1314 8192
1315 11719
1316 7094
1317 6501
1318 10598
1319 7264
1320 9935
1321 6815
1322 8190
1323 7434
1324 9820
1325 9061
1326 7829
1327 7847
1328 7211
1329 10422
1330 8287
1331 9118
1332 7933
1333 8047
1334 9154
1335 7401
1336 7842
1337 7333
1338 7497
1339 8770
1340 7825
1341 7373
1342 6745
1343 7105
1344 7122
1345 8891
1346 10420
1347 10413
1348 10036
1349 14919
1350 16188
1351 17402
1352 10738
1353 9626
1354 11076
1355 12165
1356 12144
1357 18039
1358 12872
1359 13563
1360 1477
1361 8690
1362 3267
1363 22128
1364 12029
1365 5036
1366 4495
1367 4908
1368 1468
1369 4404
1370 4269
1371 2897
1372 4313
1373 3916
1374 4024
1375 4009
1376 4686
1377 4368
1378 4357
1379 4447
1380 2842
1381 2883
1382 4652
1383 4971
1384 4913
1385 4306
1386 3432
1387 3860
1388 6165
1389 3316
1390 4016
1391 4667
1392 4064
1393 5486
1394 5724
1395 7408
1396 4979
1397 1976
1398 4273
1399 5065
1400 3674
1401 4997
1402 4857
1403 4136
1404 4935
1405 4380
1406 2046
1407 5622
1408 2491
1409 2558
1410 3087
1411 2820
1412 2423
1413 13639
1414 9839
1415 2727
1416 20836
1417 25693
1418 12134
1419 23202
1420 1933
1421 15067
1422 7354
1423 17217
1424 3086
1425 13737
1426 8593
1427 15042
1428 2371
1429 12372
1430 8091
1431 7279
1432 6397
1433 7608
1434 7630
1435 7243
1436 8540
1437 8261
1438 7614
1439 8028
1440 8101
1441 9317
1442 8010
1443 7070
1444 7241
1445 8229
1446 8414
1447 7388
1448 10068
1449 9606
1450 10943
1451 8193
1452 7617
1453 8054
1454 7868
1455 8810
1456 7543
1457 6996
1458 6381
1459 8095
1460 6811
1461 7158
1462 8324
1463 6752
1464 8055
1465 7087
1466 7386
1467 7972
1468 7063
1469 7195
1470 6980
1471 7373
1472 8074
1473 8717
1474 8086
1475 16126
1476 12204
1477 13828
1478 19023
1479 13213
1480 13899
1481 11614
1482 19424
1483 12452
1484 11507
1485 13080
1486 12108
1487 18533
1488 15399
1489 12137
1490 12324
1491 16432
1492 12963
1493 12504
1494 11754
1495 13075
1496 12739
1497 11883
1498 13434
1499 13094
1500 13341
1501 12520
1502 9762
1503 9690
1504 9271
1505 8369
1506 9152
1507 9928
1508 9969
1509 8650
1510 8231
1511 9364
1512 9235
1513 9280
1514 9377
1515 11088
1516 2244
1517 14885
1518 13095
1519 15052
1520 13639
1521 16822
1522 26624
1523 16971
1524 9491
1525 10719
1526 9444
1527 9026
1528 14778
1529 11731
1530 10475
1531 11582
1532 11025
1533 11731
1534 17532
1535 9836
1536 11169
1537 10029
1538 11545
1539 9190
1540 9760
1541 9381
1542 7129
1543 8163
1544 8480
1545 8170
1546 8750
1547 7698
1548 8221
1549 7953
1550 7303
1551 7093
1552 7297
1553 7487
1554 7602
1555 7603
1556 9563
1557 7301
1558 7907
1559 2272
1560 2664
1561 2367
1562 2668
1563 2415
1564 3596
1565 2836
1566 4025
1567 2323
1568 2921
1569 1248
1570 4160
1571 1890
1572 3563
1573 3689
1574 4103
1575 2434
1576 4534
1577 4109
1578 4380
1579 1101
1580 4128
1581 4415
1582 3881
1583 3425
1584 4138
1585 4125
1586 4159
1587 3729
1588 4308
1589 3485
1590 1707
1591 6679
1592 7052
1593 5940
1594 3829
1595 7652
1596 7190
1597 5805
1598 3533
1599 5735
1600 1807
1601 5996
1602 6878
1603 8566
1604 7053
1605 5789
1606 6419
1607 8071
1608 2208
1609 9962
1610 6483
1611 7343
1612 7115
1613 8325
1614 4673
1615 5752
1616 7979
1617 6126
1618 2526
1619 7306
1620 9102
1621 6595
1622 8348
1623 7134
1624 9461
1625 7225
1626 12866
1627 6267
1628 7862
1629 7856
1630 8597
1631 9026
1632 8048
1633 4268
1634 8795
1635 4872
1636 8556
1637 8889
1638 4330
1639 8291
1640 3443
1641 6586
1642 8491
1643 3393
1644 7124
1645 4704
1646 8005
1647 5991
1648 1658
1649 4063
1650 4555
1651 11974
1652 917
1653 3698
1654 9719
1655 5370
1656 4517
1657 5055
1658 6740
1659 1421
1660 7481
1661 1406
1662 6061
1663 4778
1664 4194
1665 9887
1666 4636
1667 1870
1668 6304
1669 3908
1670 5592
1671 3461
1672 4400
1673 7346
1674 6917
1675 869
1676 5179
1677 2239
1678 6889
1679 3931
1680 4237
1681 9520
1682 6279
1683 839
1684 6417
1685 2204
1686 8138
1687 3294
1688 4353
1689 6414
1690 7065
1691 3967
1692 7599
1693 2343
1694 6814
1695 8049
1696 6741
1697 4909
1698 6652
1699 7675
1700 5113
1701 4862
1702 2445
1703 7479
1704 2329
1705 6319
1706 5673
1707 1758
1708 4800
1709 7045
1710 4064
1711 7814
1712 2212
1713 6482
1714 6106
1715 728
1716 6084
1717 9803
1718 4705
1719 7289
1720 7431
1721 3639
1722 7369
1723 2074
1724 4863
1725 8249
1726 1946
1727 3651
1728 3777
1729 11953
1730 1646
1731 6803
1732 7356
1733 1910
1734 5055
1735 3686
1736 3286
1737 6334
1738 6931
1739 5814
1740 3672
1741 5145
1742 2786
1743 1092
1744 4183
1745 2983
1746 4884
1747 4729
1748 3841
1749 3666
1750 3562
1751 3955
1752 2502
1753 4662
1754 3752
1755 6167
1756 5789
1757 4704
1758 3613
1759 5308
1760 2268
1761 4203
1762 3995
1763 5027
1764 4801
1765 5219
1766 4501
1767 4085
1768 4635
1769 3991
1770 4356
1771 4123
1772 3942
1773 3983
1774 4955
1775 4048
1776 15139
1777 7611
1778 6621
1779 3911
1780 7121
1781 1876
1782 9239
1783 5636
1784 2320
1785 9745
1786 6934
1787 7532
1788 7095
1789 7206
1790 11416
1791 9788
1792 7941
1793 11748
1794 9484
1795 18546
1796 14144
1797 6959
1798 6387
1799 5757
1800 863
1801 1527
1802 1591
1803 7020
1804 1536
1805 1580
1806 3527
1807 1568
1808 1787
1809 3332
1810 3184
1811 3092
1812 3251
1813 3230
1814 2864
1815 3357
1816 1666
1817 3307
1818 3079
1819 3585
1820 4771
1821 3257
1822 6327
1823 6437
1824 3675
1825 8217
1826 7184
1827 3126
1828 7092
1829 6948
1830 7456
1831 4703
1832 7858
1833 9735
1834 10019
1835 6988
1836 7803
1837 10383
1838 7068
1839 5284
1840 5563
1841 4483
1842 7219
1843 7117
1844 8622
1845 7478
1846 9368
1847 10525
1848 5532
1849 5497
1850 10255
1851 9089
1852 9348
1853 6139
1854 6057
1855 8406
1856 2839
1857 9022
1858 8394
1859 9237
1860 6923
1861 9560
1862 9216
1863 5741
1864 10142
1865 1627
1866 2233
1867 2119
1868 2216
1869 2205
1870 2529
1871 3155
1872 3380
1873 7268
1874 3793
1875 2007
1876 2120
1877 5573
1878 5506
1879 1933
1880 2245
1881 1680
1882 1644
1883 2257
1884 4281
1885 2017
1886 2022
1887 3624
1888 5411
1889 4313
1890 1390
1891 2314
1892 1881
1893 1796
1894 6938
1895 2021
1896 2331
1897 1526
1898 5575
1899 2778
1900 3254
1901 3990
1902 3677
1903 1711
1904 1868
1905 1585
1906 1747
1907 1452
1908 3705
1909 6535
1910 1357
1911 1552
1912 3339
1913 2562
1914 3295
1915 1636
1916 3339
1917 3356
1918 3139
1919 3964
1920 3361
1921 3688
1922 9308
1923 7179
1924 6275
1925 7245
1926 7229
1927 6329
1928 6693
1929 12708
1930 7533
1931 6357
1932 6623
1933 6819
1934 7524
1935 6160
1936 6555
1937 6402
1938 6687
1939 7072
1940 6616
1941 2447
1942 1970
1943 1989
1944 1646
1945 1677
1946 1897
1947 1769
1948 1757
1949 2339
1950 1715
1951 2622
1952 3815
1953 5502
1954 2100
1955 2105
1956 1796
1957 3343
1958 1943
1959 1854
1960 1911
1961 4061
1962 1690
1963 3214
1964 793
1965 9513
1966 12602
1967 9904
1968 11496
1969 10604
1970 11726
1971 8671
1972 10632
1973 8125
1974 7975
1975 8801
1976 10803
1977 8256
1978 7245
1979 9318
1980 15156
1981 13260
1982 9036
1983 8088
1984 9141
1985 4101
1986 2038
1987 5604
1988 1969
1989 1928
1990 3861
1991 2041
1992 2198
1993 1723
1994 2239
1995 2258
1996 2166
1997 2177
1998 2222
1999 2192
2000 1908
2001 7664
2002 7559
2003 5333
2004 6841
2005 3263
2006 6367
2007 5130
2008 5686
2009 5662
2010 4285
2011 5184
2012 6919
2013 3590
2014 4701
2015 4313
2016 4361
2017 4550
2018 3425
2019 2999
2020 4580
2021 3064
2022 4149
2023 2736
2024 1849
2025 1243
2026 4478
2027 2945
2028 3816
2029 4555
2030 2889
2031 5142
2032 3081
2033 4566
2034 3459
2035 4446
2036 1647
2037 2060
2038 5275
2039 7641
2040 1720
2041 3268
2042 4696
2043 4746
2044 3219
2045 3382
2046 4584
2047 4621
2048 1688
2049 4793
2050 5202
2051 5063
2052 3742
2053 3466
2054 3172
2055 5810
2056 2660
2057 5017
2058 4161
2059 1977
2060 5214
2061 5172
2062 2904
2063 3713
2064 3563
2065 7637
2066 5427
2067 1988
2068 4412
2069 7456
2070 3152
2071 3069
2072 6309
2073 7800
2074 2598
2075 1822
2076 7433
2077 8580
2078 5246
2079 3193
2080 6712
2081 10165
2082 3233
2083 3019
2084 6640
2085 7990
2086 3690
2087 5263
2088 6966
2089 7967
2090 4196
2091 4916
2092 8261
2093 7435
2094 9349
2095 2775
2096 4713
2097 5457
2098 9390
2099 5017
2100 2897
2101 4748
2102 5394
2103 9858
2104 8307
2105 4101
2106 4062
2107 5175
2108 2555
2109 5484
2110 7054
2111 7516
2112 4861
2113 9224
2114 7865
2115 4642
2116 4580
2117 9075
2118 8162
2119 9476
2120 9260
2121 10796
2122 11729
2123 5841
2124 8810
2125 7992
2126 8880
2127 4851
2128 8668
2129 9778
2130 5690
2131 6586
2132 4300
2133 3804
2134 8239
2135 6314
2136 3007
2137 1853
2138 6953
2139 6437
2140 9768
2141 6048
2142 3174
2143 6863
2144 5180
2145 2099
2146 1825
2147 5380
2148 3998
2149 4670
2150 10112
2151 6001
2152 1949
2153 4737
2154 4462
2155 3127
2156 4617
2157 3814
2158 4350
2159 5540
2160 2475
2161 2101
2162 4587
2163 3961
2164 1806
2165 4401
2166 2947
2167 4027
2168 2148
2169 3954
2170 6410
2171 6673
2172 6125
2173 4522
2174 4236
2175 6066
2176 6730
2177 2379
2178 3710
2179 4138
2180 4536
2181 4938
2182 2084
2183 6299
2184 2295
2185 2626
2186 4241
2187 6338
2188 4525
2189 4480
2190 2343
2191 4343
2192 6311
2193 4795
2194 5952
2195 7993
2196 7582
2197 9258
2198 7743
2199 8649
2200 7941
2201 8562
2202 9193
2203 7037
2204 4813
2205 5135
2206 5150
2207 5705
2208 5506
2209 4950
2210 5804
2211 6797
2212 6666
2213 4285
2214 2099
2215 5667
2216 5240
2217 4585
2218 4146
2219 4870
2220 5918
2221 6441
2222 1828
2223 5571
2224 1828
2225 7988
2226 6186
2227 6739
2228 3628
2229 5851
2230 3802
2231 1596
2232 3920
2233 1651
2234 6155
2235 4701
2236 7425
2237 6329
2238 5084
2239 5150
2240 6833
2241 11118
2242 5315
2243 4410
2244 3416
2245 4698
2246 1805
2247 3606
2248 2265
2249 1894
2250 1954
2251 4398
2252 3705
2253 11521
2254 9593
2255 3193
2256 4537
2257 3323
2258 4378
2259 4397
2260 3717
2261 3056
2262 6735
2263 5041
2264 8717
2265 3456
2266 5262
2267 9005
2268 4125
2269 3592
2270 7452
2271 8170
2272 11651
2273 2903
2274 5082
2275 5614
2276 7131
2277 4822
2278 7197
2279 5329
2280 5972
2281 7347
2282 6348
2283 7911
2284 7964
2285 8987
2286 7955
2287 5608
2288 5101
2289 3511
2290 4778
2291 3417
2292 2669
2293 3371
2294 3713
2295 3102
2296 3127
2297 2783
2298 4154
2299 4337
2300 3642
2301 3106
2302 2538
2303 4395
2304 4220
2305 1908
2306 5678
2307 3708
2308 7250
2309 3332
2310 4884
2311 7588
2312 3498
2313 5320
2314 5058
2315 1728
2316 6594
2317 4798
2318 3209
2319 7652
2320 5619
2321 6298
2322 7357
2323 6241
2324 6416
2325 6538
2326 5776
2327 5859
2328 6516
2329 5969
2330 6231
2331 5640
2332 5097
2333 6440
2334 5894
2335 5859
2336 6675
2337 7206
2338 3735
2339 4124
2340 6502
2341 6188
2342 3965
2343 7903
2344 4897
2345 5254
2346 6873
2347 10010
2348 8506
2349 4077
2350 4852
2351 5603
2352 5407
2353 6027
2354 4814
2355 5414
2356 6445
2357 4143
2358 5899
2359 5845
2360 3217
2361 5716
2362 3642
2363 6389
2364 6267
2365 5916
2366 5102
2367 6605
2368 5616
2369 4135
2370 6130
2371 5033
2372 5833
2373 6072
2374 3566
2375 3102
2376 3219
2377 5467
2378 4944
2379 3309
2380 1524
2381 2426
2382 1575
2383 5667
2384 5727
2385 4894
2386 7143
2387 4752
2388 5435
2389 1857
2390 5403
2391 5812
2392 6278
2393 5591
2394 5905
2395 5235
2396 5708
2397 5441
2398 6949
2399 7594
2400 5918
2401 2505
2402 2003
2403 941
2404 1071
2405 1146
2406 1151
2407 1969
2408 2354
2409 2283
2410 6229
2411 2492
2412 992
2413 1051
2414 1857
2415 1149
2416 3432
2417 1073
2418 3083
2419 3259
2420 1881
2421 2957
2422 2993
2423 2910
2424 2170
2425 1029
2426 930
2427 1056
2428 1280
2429 1112
2430 964
2431 3428
2432 1617
2433 3158
2434 3497
2435 3607
2436 3147
2437 3764
2438 3247
2439 3613
2440 3105
2441 3994
2442 2600
2443 3354
2444 3065
2445 3527
2446 3742
2447 3690
2448 2953
2449 1257
2450 3245
2451 3416
2452 3647
2453 3365
2454 3214
2455 1678
2456 1315
2457 974
2458 1901
2459 4486
2460 1004
2461 2085
2462 5319
2463 864
2464 943
2465 5922
2466 4263
2467 4649
2468 4620
2469 2497
2470 3713
2471 2455
2472 2674
2473 1369
2474 2361
2475 4046
2476 2364
2477 2610
2478 2236
2479 3513
2480 1423
2481 3176
2482 2024
2483 2768
2484 3637
2485 2343
2486 2242
2487 1234
2488 897
2489 2627
2490 1559
2491 1397
2492 1135
2493 1295
2494 3106
2495 3188
2496 1046
2497 1402
2498 1524
2499 1281
2500 4694
2501 5024
2502 4553
2503 1607
2504 3268
2505 1481
2506 4148
2507 1411
2508 1510
2509 1454
2510 1463
2511 1534
2512 3593
2513 2060
2514 3749
2515 1465
2516 4554
2517 791
2518 854
2519 873
2520 851
2521 1527
2522 2374
2523 867
2524 1503
2525 1592
2526 691
2527 878
2528 1009
2529 986
2530 941
2531 2620
2532 2882
2533 4497
2534 1296
2535 1651
2536 5864
2537 3434
2538 1427
2539 2038
2540 1162
2541 1109
2542 1437
2543 2310
2544 2043
2545 3356
2546 1212
2547 2252
2548 2147
2549 1077
2550 895
2551 1650
2552 1413
2553 2836
2554 3179
2555 1392
2556 3035
2557 4227
2558 1617
2559 3155
2560 1563
2561 1174
2562 956
2563 1922
2564 2047
2565 1460
2566 3122
2567 1985
2568 5034
2569 1638
2570 1557
2571 3447
2572 1434
2573 2915
2574 2685
2575 2919
2576 1345
2577 1307
2578 1365
2579 2659
2580 2494
2581 4556
2582 3271
2583 1529
2584 1382
2585 1479
2586 2705
2587 2464
2588 2920
2589 1581
2590 1459
2591 2810
2592 4042
2593 1658
2594 2902
2595 1392
2596 1286
2597 3341
2598 2170
2599 1969
2600 880
2601 2973
2602 1327
2603 3671
2604 8427
2605 1168
2606 1934
2607 6176
2608 1079
2609 6140
2610 1731
2611 3029
2612 3432
2613 3376
2614 3302
2615 3402
2616 3123
2617 4635
2618 5120
2619 3212
2620 1752
2621 2974
2622 2723
2623 2043
2624 1828
2625 5477
2626 3244
2627 3506
2628 6024
2629 3759
2630 3521
2631 3280
2632 5195
2633 3915
2634 5102
2635 3075
2636 4947
2637 5349
2638 5230
2639 7597
2640 4801
2641 5124
2642 5141
2643 4915
2644 5509
2645 2670
2646 5315
2647 1154
2648 1343
2649 1144
2650 1282
2651 1142
2652 1140
2653 1254
2654 1193
2655 1070
2656 1194
2657 1337
2658 1093
2659 1267
2660 1403
2661 1068
2662 1503
2663 2401
2664 1383
2665 4368
2666 8733
2667 1367
2668 3809
2669 3423
2670 1630
2671 3201
2672 3733
2673 1744
2674 6189
2675 2911
2676 2571
2677 1549
2678 2940
2679 5619
2680 1455
2681 1408
2682 4627
2683 1584
2684 1454
2685 2671
2686 2870
2687 2829
2688 1326
2689 1439
2690 1657
2691 5848
2692 2838
2693 1404
2694 3321
2695 1572
2696 2437
2697 1419
2698 3598
2699 2724
2700 3884
2701 1298
2702 1416
2703 1329
2704 1447
2705 4355
2706 1551
2707 3200
2708 1481
2709 3819
2710 2876
2711 2053
2712 1283
2713 3291
2714 10191
2715 13165
2716 7414
2717 8407
2718 7804
2719 8263
2720 8791
2721 7736
2722 8142
2723 8416
2724 8820
2725 7190
2726 11347
2727 10872
2728 9353
2729 10834
2730 9022
2731 7668
2732 8087
2733 7795
2734 8569
2735 8898
2736 8111
2737 9429
2738 8999
2739 8361
2740 7920
2741 9473
2742 8370
2743 5856
2744 1938
2745 5237
2746 994
2747 1603
2748 3802
2749 3183
2750 1751
2751 4586
2752 1768
2753 5208
2754 3650
2755 1864
2756 1907
2757 2048
2758 4912
2759 2745
2760 3494
2761 3542
2762 2720
2763 3221
2764 805
2765 1870
2766 849
2767 2554
2768 2414
2769 1670
2770 2429
2771 2616
2772 2184
2773 646
2774 1588
2775 929
2776 2475
2777 1327
2778 2457
2779 1361
2780 1527
2781 1388
2782 941
2783 2807
2784 825
2785 2163
2786 1055
2787 1591
2788 1767
2789 1377
2790 861
2791 1070
2792 1012
2793 874
2794 994
2795 925
2796 950
2797 961
2798 879
2799 2054
2800 1724
2801 2380
2802 3512
2803 2362
2804 3606
2805 3700
2806 4087
2807 3886
2808 4722
2809 2624
2810 2221
2811 2597
2812 2955
2813 3265
2814 2721
2815 2558
2816 4288
2817 2793
2818 4146
2819 3367
2820 3829
2821 2374
2822 2815
2823 3223
2824 1144
2825 1119
2826 1168
2827 1278
2828 1101
2829 1239
2830 3261
2831 1186
2832 1836
2833 1105
2834 2455
2835 1206
2836 1064
2837 1100
2838 1894
2839 3056
2840 3469
2841 1115
2842 1137
2843 1100
2844 1099
2845 3601
2846 2719
2847 2721
2848 2708
2849 2866
2850 3776
2851 2548
2852 3127
2853 3712
2854 2178
2855 1103
2856 5330
2857 1097
2858 1561
2859 3346
2860 3012
2861 1278
2862 2931
2863 1813
2864 2650
2865 2423
2866 2227
2867 1150
2868 3476
2869 3050
2870 1385
2871 1180
2872 1130
2873 2045
2874 2446
2875 3135
2876 2805
2877 2789
2878 3589
2879 2439
2880 2694
2881 2770
2882 2537
2883 2715
2884 3819
2885 1727
2886 1516
2887 2814
2888 1453
2889 2879
2890 1448
2891 1678
2892 1379
2893 3174
2894 3514
2895 1620
2896 1479
2897 1578
2898 3121
2899 3219
2900 1678
2901 1476
2902 1601
2903 1727
2904 3211
2905 1435
2906 3016
2907 5213
2908 4505
2909 2649
2910 2350
2911 891
2912 3946
2913 1361
2914 2509
2915 1033
2916 1608
2917 3112
2918 3178
2919 1406
2920 4791
2921 2880
2922 2600
2923 2078
2924 4003
2925 1214
2926 3499
2927 2001
2928 2192
2929 1270
2930 1859
2931 2410
2932 2571
2933 2713
2934 3537
2935 3017
2936 3293
2937 1554
2938 3355
2939 2388
2940 3552
2941 2620
2942 3090
2943 2415
2944 4378
2945 3034
2946 1924
2947 2166
2948 2426
2949 1651
2950 1774
2951 3059
2952 3000
2953 2600
2954 1887
2955 3488
2956 2203
2957 1539
2958 1495
2959 2468
2960 1398
2961 1477
2962 1244
2963 2937
2964 1529
2965 1351
2966 1672
2967 3279
2968 1577
2969 2748
2970 2329
2971 1455
2972 1463
2973 1410
2974 1284
2975 2463
2976 1169
2977 1501
2978 1721
2979 1423
2980 1398
2981 2403
2982 2988
2983 2985
2984 1381
2985 1385
2986 1425
2987 5025
2988 1770
2989 5101
2990 2954
2991 4389
2992 4003
2993 1285
2994 3300
2995 3109
2996 3497
2997 3215
2998 3063
2999 3109
3000 3973
3001 3364
3002 1534
3003 1075
3004 3582
3005 2538
3006 2466
3007 1189
3008 3326
3009 1794
3010 2917
3011 1256
3012 2945
3013 4410
3014 1492
3015 3215
3016 1409
3017 1336
3018 3857
3019 4183
3020 5100
3021 4073
3022 4369
3023 2943
3024 1709
3025 1375
3026 1603
3027 3072
3028 1419
3029 5121
3030 1675
3031 4363
3032 3943
3033 1677
3034 1846
3035 3067
3036 1749
3037 4720
3038 3407
3039 1314
3040 3098
3041 1844
3042 1191
3043 1891
3044 1296
3045 3941
3046 1030
3047 3819
3048 3562
3049 3287
3050 1184
3051 1104
3052 1132
3053 1123
3054 1250
3055 2187
3056 2649
3057 1225
3058 1039
3059 3762
3060 1107
3061 1420
3062 1233
3063 1186
3064 3666
3065 1114
3066 1190
3067 1511
3068 1475
3069 2013
3070 1199
3071 2287
3072 973
3073 1060
3074 1115
3075 1276
3076 1512
3077 1448
3078 1449
3079 2842
3080 3881
3081 1162
3082 2378
3083 1481
3084 2573
3085 1308
3086 2445
3087 2339
3088 2234
3089 1127
3090 1769
3091 1257
3092 2488
3093 1260
3094 2482
3095 2354
3096 1313
3097 2383
3098 2323
3099 2783
3100 1536
3101 1107
3102 1164
3103 2641
3104 2813
3105 1142
3106 1208
3107 3832
3108 1365
3109 1282
3110 1240
3111 2437
3112 3637
3113 2400
3114 3915
3115 1108
3116 1265
3117 1318
3118 1663
3119 1314
3120 1438
3121 1276
3122 4892
3123 1649
3124 3102
3125 3117
3126 2885
3127 2846
3128 1534
3129 2917
3130 3205
3131 3550
3132 3504
3133 3340
3134 5117
3135 3524
3136 3811
3137 1685
3138 2820
3139 1415
3140 1938
3141 2707
3142 2561
3143 2424
3144 2369
3145 2363
3146 2144
3147 3971
3148 2552
3149 2416
3150 2650
3151 1095
3152 1307
3153 1738
3154 1328
3155 1476
3156 2650
3157 3629
3158 2932
3159 5492
3160 4035
3161 4762
3162 2918
3163 3154
3164 3273
3165 3485
3166 4403
3167 1335
3168 1077
3169 2097
3170 2632
3171 2449
3172 3173
3173 2278
3174 1354
3175 2052
3176 1397
3177 2336
3178 3552
3179 4123
3180 2383
3181 1193
3182 1169
3183 1123
3184 2637
3185 1111
3186 1085
3187 3423
3188 2758
3189 1402
3190 1488
3191 2504
3192 2669
3193 2934
3194 1578
3195 1511
3196 2798
3197 2625
3198 2827
3199 2581
3200 1473
3201 4586
3202 5131
3203 4413
3204 1589
3205 7483
3206 5180
3207 2800
3208 5778
3209 4711
3210 4505
3211 2861
3212 4770
3213 3493
3214 2993
3215 1126
3216 2210
3217 3010
3218 1169
3219 2091
3220 2417
3221 3090
3222 3397
3223 3726
3224 1320
3225 1385
3226 1169
3227 2531
3228 2367
3229 3432
3230 4568
3231 4375
3232 2322
3233 1998
3234 2308
3235 2136
3236 2371
3237 2292
3238 840
3239 1245
3240 2503
3241 1380
3242 1246
3243 1330
3244 2226
3245 1338
3246 3468
3247 2372
3248 2665
3249 2333
3250 4666
3251 4393
3252 3689
3253 4355
3254 1421
3255 3033
3256 2870
3257 4229
3258 3362
3259 4113
3260 4319
3261 1219
3262 3583
3263 4272
3264 4356
3265 2781
3266 3835
3267 3717
3268 3808
3269 4040
3270 3364
3271 3400
3272 4005
3273 4293
3274 3013
3275 2338
3276 3261
3277 6332
3278 3684
3279 2955
3280 3730
3281 3341
3282 3157
3283 3607
3284 3130
3285 3557
3286 3352
3287 2901
3288 3522
3289 4476
3290 4669
3291 1593
3292 3271
3293 2851
3294 4689
3295 3340
3296 4926
3297 3325
3298 3999
3299 2887
3300 4797
3301 3087
3302 5043
3303 3019
3304 3836
3305 3881
3306 3995
3307 2959
3308 3056
3309 3293
3310 3117
3311 5045
3312 3172
3313 4918
3314 2330
3315 1035
3316 1789
3317 1445
3318 3049
3319 1091
3320 1573
3321 3641
3322 5131
3323 3350
3324 1318
3325 1737
3326 2914
3327 3517
3328 3049
3329 3603
3330 1394
3331 3083
3332 1713
3333 4614
3334 1443
3335 2784
3336 2974
3337 5026
3338 4954
3339 2368
3340 1518
3341 4023
3342 3304
3343 2874
3344 2737
3345 1365
3346 3093
3347 3251
3348 3356
3349 2843
3350 3100
3351 3493
3352 3225
3353 3700
3354 3204
3355 1864
3356 3480
3357 3387
3358 1839
3359 3453
3360 2857
3361 2658
3362 3225
3363 2849
3364 3149
3365 3330
3366 3371
3367 3351
3368 4185
3369 2866
3370 3812
3371 3631
3372 1083
3373 2152
3374 1421
3375 4455
3376 1238
3377 1591
3378 1309
3379 2462
3380 6482
3381 1329
3382 3026
3383 1125
3384 2149
3385 3938
3386 1303
3387 1557
3388 2672
3389 2294
3390 2251
3391 1183
3392 3504
3393 1362
3394 2118
3395 4333
3396 1328
3397 1467
3398 1318
3399 2036
3400 2888
3401 1414
3402 2956
3403 1411
3404 2402
3405 3553
3406 3433
3407 3463
3408 2499
3409 1340
3410 2866
3411 1181
3412 1611
3413 1326
3414 2699
3415 4473
3416 4385
3417 4007
3418 1477
3419 2946
3420 1448
3421 1553
3422 3966
3423 4166
3424 2973
3425 2411
3426 4011
3427 2592
3428 1192
3429 1291
3430 1373
3431 1374
3432 3065
3433 2409
3434 1368
3435 2338
3436 2617
3437 4430
3438 3793
3439 1405
3440 3123
3441 2785
3442 2558
3443 3425
3444 1918
3445 1919
3446 1861
3447 2143
3448 1652
3449 3147
3450 3398
3451 2418
3452 1070
3453 2270
3454 2788
3455 3583
3456 1560
3457 3394
3458 1350
3459 1750
3460 3191
3461 3616
3462 2012
3463 5625
3464 1706
3465 1683
3466 4933
3467 3779
3468 1913
3469 1698
3470 1664
3471 1654
3472 6134
3473 3385
3474 1640
3475 1485
3476 1784
3477 1548
3478 3210
3479 1751
3480 3091
3481 4947
3482 5143
3483 5295
3484 5461
3485 4870
3486 7936
3487 6288
3488 3815
3489 8119
3490 6366
3491 7445
3492 6989
3493 4940
3494 2281
3495 1359
3496 3024
3497 3502
3498 1311
3499 1049
3500 2253
3501 3613
3502 3298
3503 2349
3504 2297
3505 3050
3506 2712
3507 2152
3508 2215
3509 3410
3510 2312
3511 2122
3512 2319
3513 3170
3514 3394
3515 7867
3516 6714
3517 6636
3518 7485
3519 6902
3520 6312
3521 6945
3522 7374
3523 6656
3524 3765
3525 3328
3526 3352
3527 4475
3528 2149
3529 1403
3530 2622
3531 1977
3532 2628
3533 1357
3534 1163
3535 2462
3536 2076
3537 2679
3538 1077
3539 2263
3540 3300
3541 1687
3542 2207
3543 2272
3544 2293
3545 3365
3546 1074
3547 1023
3548 3872
3549 2127
3550 2247
3551 4348
3552 1976
3553 2160
3554 2029
3555 2256
3556 1243
3557 3270
3558 1388
3559 1445
3560 3044
3561 1419
3562 5122
3563 1353
3564 2076
3565 1660
3566 1053
3567 1358
3568 1091
3569 966
3570 1041
3571 3098
3572 1647
3573 1663
3574 1273
3575 2048
3576 1192
3577 1283
3578 1207
3579 1072
3580 2353
3581 2478
3582 2219
3583 1720
3584 2691
3585 3821
3586 3449
3587 932
3588 1041
3589 3084
3590 2914
3591 1269
3592 1343
3593 2875
3594 3834
3595 1151
3596 1273
3597 1390
3598 1440
3599 3114
3600 1333
3601 3179
3602 2846
3603 3513
3604 3347
3605 3062
3606 3304
3607 5793
3608 4011
3609 1376
3610 4278
3611 4033
3612 3282
3613 1665
3614 5233
3615 1302
3616 5207
3617 1875
3618 3214
3619 3204
3620 1482
3621 2531
3622 4997
3623 3914
3624 3636
3625 2915
3626 3105
3627 1314
3628 3358
3629 3777
3630 4050
3631 3777
3632 1736
3633 3066
3634 3856
3635 2820
3636 2895
3637 2690
3638 3021
3639 4090
3640 4601
3641 3660
3642 3241
3643 2908
3644 3480
3645 1082
3646 3089
3647 3200
3648 3346
3649 3140
3650 2953
3651 3112
3652 4324
3653 4413
3654 4279
3655 4261
3656 3832
3657 4435
3658 4188
3659 4284
3660 6472
3661 3856
3662 4179
3663 4339
3664 4254
3665 3854
3666 4308
3667 2755
3668 2250
3669 2788
3670 2888
3671 2913
3672 2783
3673 2522
3674 2722
3675 3379
3676 3014
3677 3453
3678 3270
3679 2827
3680 2600
3681 2595
3682 2945
3683 3299
3684 2582
3685 2845
3686 2875
3687 2574
3688 1480
3689 2866
3690 3528
3691 1260
3692 3624
3693 3223
3694 1148
3695 3773
3696 2964
3697 1288
3698 1339
3699 3107
3700 3631
3701 3405
3702 1986
3703 2771
3704 2612
3705 3658
3706 4744
3707 1233
3708 1778
3709 3033
3710 2906
3711 3705
3712 2135
3713 1403
3714 994
3715 1765
3716 3579
3717 1311
3718 3030
3719 2800
3720 3027
3721 2731
3722 2506
3723 4144
3724 4548
3725 5181
3726 4370
3727 5418
3728 6214
3729 6246
3730 6019
3731 5674
3732 5373
3733 5365
3734 5975
3735 4974
3736 5809
3737 3673
3738 3919
3739 1803
3740 3350
3741 3798
3742 1677
3743 3727
3744 3955
3745 2088
3746 3930
3747 3358
3748 3676
3749 4059
3750 2110
3751 4122
3752 3690
3753 3887
3754 4018
3755 1969
3756 3173
3757 3589
3758 4425
3759 4418
3760 3140
3761 2368
3762 2993
3763 3608
3764 1415
3765 1317
3766 1263
3767 1712
3768 1190
3769 1384
3770 3981
3771 2305
3772 3732
3773 2314
3774 2660
3775 1705
3776 2596
3777 1024
3778 2620
3779 1084
3780 4745
3781 3168
3782 2719
3783 2866
3784 3241
3785 3936
3786 3693
3787 3326
3788 4324
3789 1838
3790 2570
3791 3175
3792 4642
3793 3834
3794 2887
3795 4959
3796 3987
3797 2962
3798 2727
3799 3321
3800 2778
3801 1710
3802 1787
3803 3115
3804 1398
3805 1304
3806 1242
3807 2250
3808 1400
3809 2404
3810 4038
3811 1132
3812 1383
3813 2210
3814 2156
3815 2245
3816 2145
3817 2526
3818 1181
3819 2579
3820 1237
3821 1256
3822 1172
3823 2522
3824 2205
3825 1182
3826 1279
3827 1181
3828 1182
3829 3366
3830 1220
3831 1297
3832 3419
3833 1949
3834 1128
3835 1007
3836 2873
3837 1159
3838 3590
3839 2187
3840 3062
3841 1999
3842 3246
3843 1736
3844 1126
3845 2396
3846 3058
3847 3095
3848 1089
3849 2850
3850 2252
3851 2128
3852 2072
3853 1058
3854 2264
3855 1243
3856 3344
3857 1128
3858 3431
3859 4835
3860 5811
3861 6758
3862 3267
3863 3345
3864 5002
3865 4261
3866 5255
3867 6259
3868 5864
3869 1908
3870 5422
3871 3402
3872 3613
3873 3732
3874 1436
3875 2419
3876 1458
3877 4212
3878 2459
3879 2375
3880 1253
3881 3963
3882 1471
3883 3974
3884 1087
3885 1887
3886 1728
3887 3522
3888 3854
3889 3854
3890 3064
3891 3687
3892 4070
3893 5240
3894 3065
3895 3040
3896 5229
3897 1456
3898 1430
3899 2989
3900 3271
3901 1365
3902 2970
3903 1066
3904 3607
3905 2839
3906 1502
3907 1364
3908 4305
3909 1604
3910 4061
3911 4074
3912 1206
3913 2637
3914 1936
3915 4499
3916 3008
3917 4030
3918 4364
3919 4055
3920 863
3921 1499
3922 5273
3923 3241
3924 2885
3925 1595
3926 1574
3927 3753
3928 1958
3929 1635
3930 3553
3931 1834
3932 1323
3933 1459
3934 1574
3935 1716
3936 1459
3937 1598
3938 3258
3939 1396
3940 1711
3941 1383
3942 1347
3943 1729
3944 1447
3945 1439
3946 1614
3947 1451
3948 1550
3949 1283
3950 1568
3951 1353
3952 1846
3953 1285
3954 3158
3955 3296
3956 2891
3957 4483
3958 2763
3959 3187
3960 3132
3961 1539
3962 3223
3963 1496
3964 2388
3965 3144
3966 2701
3967 2871
3968 3502
3969 1530
3970 3606
3971 3211
3972 2939
3973 3250
3974 3462
3975 3100
3976 3363
3977 2880
3978 3225
3979 986
3980 986
3981 830
3982 2026
3983 3288
3984 2215
3985 2818
3986 1198
3987 985
3988 1905
3989 2888
3990 3018
3991 1787
3992 933
3993 912
3994 2200
3995 916
3996 1122
3997 1122
3998 852
3999 1277
4000 2667
4001 5015
4002 5155
4003 1362
4004 2732
4005 3524
4006 5509
4007 3649
4008 3879
4009 4653
4010 3357
4011 3675
4012 3243
4013 3649
4014 3140
4015 4369
4016 3285
4017 1391
4018 3586
4019 4283
4020 3191
4021 2928
4022 3602
4023 4859
4024 3168
4025 3894
4026 4646
4027 3843
4028 1244
4029 3161
4030 5599
4031 3332
4032 3503
4033 4417
4034 1087
4035 4018
4036 1646
4037 3112
4038 3543
4039 4362
4040 3450
4041 3679
4042 3833
4043 3663
4044 3147
4045 3066
4046 2833
4047 2316
4048 2236
4049 2965
4050 2622
4051 3317
4052 3078
4053 1892
4054 1998
4055 2299
4056 3022
4057 3024
4058 3233
4059 3077
4060 3238
4061 1847
4062 1983
4063 2331
4064 2101
4065 1144
4066 3632
4067 3915
4068 4929
4069 4304
4070 4575
4071 4034
4072 3680
4073 4349
4074 4019
4075 3151
4076 4497
4077 3983
4078 3567
4079 3772
4080 3971
4081 4126
4082 3668
4083 3297
4084 3578
4085 2386
4086 2559
4087 2528
4088 1756
4089 975
4090 2628
4091 3128
4092 3649
4093 5557
4094 4762
4095 1958
4096 2011
4097 2612
4098 3281
4099 2261
4100 3543
4101 2738
4102 3836
4103 4020
4104 1228
4105 3211
4106 2874
4107 2954
4108 2395
4109 1643
4110 1362
4111 4352
4112 2236
4113 2099
4114 1350
4115 4086
4116 3550
4117 3807
4118 1327
4119 2490
4120 2503
4121 1208
4122 2472
4123 4764
4124 3672
4125 1810
4126 2559
4127 1710
4128 2521
4129 1133
4130 2740
4131 1524
4132 1621
4133 4098
4134 4317
4135 2984
4136 2583
4137 4120
4138 4468
4139 1304
4140 2927
4141 3390
4142 4298
4143 4599
4144 4558
4145 2972
4146 2514
4147 2924
4148 2850
4149 1309
4150 3863
4151 4263
4152 3339
4153 3305
4154 3791
4155 4126
4156 4003
4157 3773
4158 4056
4159 5137
4160 3571
4161 3882
4162 4263
4163 3713
4164 3009
4165 3992
4166 2570
4167 3896
4168 3577
4169 3839
4170 2226
4171 3542
4172 2229
4173 1706
4174 4720
4175 1437
4176 4383
4177 1769
4178 3457
4179 1659
4180 2669
4181 1470
4182 2681
4183 4473
4184 1548
4185 3494
4186 2459
4187 5163
4188 4357
4189 2442
4190 3925
4191 1609
4192 2373
4193 1553
4194 2178
4195 5081
4196 3724
4197 1555
4198 2524
4199 4448
4200 4517
4201 2547
4202 3829
4203 4147
4204 1544
4205 5015
4206 1623
4207 4399
4208 3185
4209 1719
4210 1461
4211 4753
4212 5039
4213 3344
4214 3213
4215 3305
4216 5496
4217 1393
4218 4747
4219 5288
4220 1549
4221 4153
4222 5687
4223 3893
4224 3382
4225 1775
4226 3828
4227 2573
4228 3387
4229 3216
4230 3911
4231 2337
4232 1984
4233 1425
4234 5859
4235 4453
4236 3219
4237 1364
4238 1495
4239 1721
4240 3892
4241 3178
4242 2370
4243 1735
4244 1229
4245 2102
4246 2667
4247 3890
4248 3605
4249 3958
4250 2518
4251 1996
4252 4322
4253 1324
4254 2663
4255 1387
4256 1722
4257 1378
4258 4907
4259 1709
4260 1494
4261 3267
4262 2913
4263 3185
4264 3746
4265 2004
4266 1586
4267 3651
4268 1748
4269 1440
4270 4227
4271 1578
4272 1515
4273 2967
4274 1515
4275 1740
4276 2864
4277 3254
4278 1514
4279 3753
4280 1621
4281 4447
4282 2626
4283 2091
4284 2362
4285 3006
4286 1537
4287 1584
4288 3451
4289 1818
4290 3096
4291 1448
4292 1516
4293 3405
4294 1485
4295 1749
4296 6913
4297 4983
4298 2646
4299 1787
4300 4063
4301 4675
4302 1483
4303 2769
4304 4066
4305 5856
4306 1863
4307 2818
4308 1258
4309 6742
4310 1713
4311 4358
4312 1645
4313 5205
4314 1430
4315 1210
4316 2591
4317 1805
4318 2581
4319 2313
4320 3195
4321 1732
4322 2520
4323 2305
4324 3141
4325 3001
4326 2994
4327 5661
4328 3788
4329 4275
4330 1283
4331 2789
4332 2834
4333 4605
4334 5072
4335 5255
4336 3309
4337 4212
4338 3927
4339 2748
4340 2822
4341 1550
4342 1299
4343 3511
4344 1382
4345 6642
4346 5374
4347 3219
4348 3568
4349 867
4350 2771
4351 3265
4352 2760
4353 4009
4354 2642
4355 3659
4356 3533
4357 3756
4358 3513
4359 2322
4360 4446
4361 2058
4362 3392
4363 2264
4364 3144
4365 4597
4366 1481
4367 1403
4368 3437
4369 3088
4370 4324
4371 4487
4372 4101
4373 1399
4374 4038
4375 4405
4376 4750
4377 4870
4378 4641
4379 4615
4380 4033
4381 3981
4382 2581
4383 4106
4384 4178
4385 4390
4386 5493
4387 3407
4388 3246
4389 1513
4390 4769
4391 1703
4392 3517
4393 3277
4394 3261
4395 3589
4396 5689
4397 4498
4398 5252
4399 3214
4400 4478
4401 2841
4402 2912
4403 2635
4404 2899
4405 4218
4406 4012
4407 3002
4408 1529
4409 1290
4410 2729
4411 2630
4412 2392
4413 1854
4414 2905
4415 2890
4416 3310
4417 2443
4418 1439
4419 2246
4420 2489
4421 1572
4422 3727
4423 2958
4424 2576
4425 4036
4426 4562
4427 4456
4428 3645
4429 3789
4430 3786
4431 3395
4432 3867
4433 1577
4434 2275
4435 5039
4436 3227
4437 3308
4438 3725
4439 3717
4440 3867
4441 3636
4442 4334
4443 4689
4444 4094
4445 3773
4446 1767
4447 3825
4448 3710
4449 3581
4450 3964
4451 3938
4452 3466
4453 3606
4454 1902
4455 5613
4456 1905
4457 1229
4458 1622
4459 1227
4460 1486
4461 975
4462 1089
4463 1303
4464 2649
4465 3245
4466 2809
4467 2543
4468 2801
4469 2856
4470 2895
4471 3638
4472 2773
4473 3950
4474 2644
4475 3540
4476 3877
4477 2758
4478 2528
4479 4499
4480 2630
4481 4212
4482 1799
4483 4681
4484 1374
4485 4011
4486 2938
4487 3318
4488 4322
4489 4052
4490 1412
4491 2829
4492 1554
4493 4854
4494 2654
4495 4171
4496 1453
4497 3830
4498 3866
4499 2675
4500 4182
4501 2904
4502 1666
4503 1483
4504 4311
4505 2806
4506 1057
4507 2948
4508 4735
4509 3391
4510 3588
4511 3100
4512 3117
4513 938
4514 3036
4515 2154
4516 3100
4517 2597
4518 783
4519 4005
4520 3673
4521 3402
4522 3355
4523 4222
4524 2556
4525 1280
4526 2447
4527 4150
4528 4004
4529 3533
4530 3850
4531 5013
4532 4157
4533 3892
4534 2406
4535 3770
4536 3552
4537 2630
4538 2189
4539 1311
4540 4403
4541 1245
4542 2388
4543 2718
4544 2825
4545 2801
4546 2694
4547 872
4548 2794
4549 1992
4550 1611
4551 3086
4552 2629
4553 2282
4554 2122
4555 1918
4556 1906
4557 3295
4558 874
4559 2715
4560 2600
4561 891
4562 1893
4563 3035
4564 3500
4565 3067
4566 2750
4567 2254
4568 4510
4569 2379
4570 1310
4571 2471
4572 2161
4573 3471
4574 1955
4575 2265
4576 2525
4577 2149
4578 2800
4579 3756
4580 2218
4581 3692
4582 3292
4583 3528
4584 2789
4585 3431
4586 3496
4587 1159
4588 3677
4589 874
4590 3363
4591 2476
4592 2495
4593 3454
4594 2374
4595 4163
4596 1251
4597 3148
4598 4194
4599 3329
4600 2227
4601 1256
4602 1709
4603 3652
4604 3478
4605 2602
4606 4022
4607 1833
4608 2659
4609 3458
4610 2553
4611 2063
4612 4066
4613 3165
4614 2458
4615 3303
4616 3818
4617 2778
4618 2438
4619 2476
4620 2281
4621 1969
4622 1937
4623 2000
4624 1523
4625 2446
4626 2864
4627 2141
4628 2500
4629 1938
4630 2449
4631 2083
4632 2333
4633 3384
4634 2009
4635 2623
4636 2030
4637 2037
4638 2758
4639 2314
4640 2137
4641 1983
4642 1990
4643 2047
4644 3626
4645 3465
4646 2330
4647 2845
4648 2499
4649 1249
4650 1054
4651 1276
4652 2329
4653 1409
4654 3969
4655 3136
4656 2261
4657 2779
4658 2227
4659 2235
4660 2845
4661 2658
4662 2336
4663 2733
4664 3476
4665 1499
4666 3900
4667 4626
4668 3785
4669 2353
4670 3635
4671 3679
4672 1332
4673 2846
4674 2703
4675 3880
4676 1304
4677 2860
4678 3128
4679 2540
4680 2301
4681 1258
4682 3262
4683 1255
4684 5143
4685 3224
4686 2589
4687 1423
4688 3626
4689 1396
4690 3153
4691 4016
4692 2283
4693 2221
4694 3660
4695 4026
4696 3644
4697 3009
4698 2970
4699 3924
4700 4408
4701 4322
4702 2589
4703 3771
4704 4093
4705 2925
4706 3828
4707 3040
4708 3203
4709 4745
4710 3347
4711 3719
4712 3625
4713 3813
4714 3442
4715 2436
4716 2305
4717 4273
4718 2154
4719 3049
4720 4864
4721 3600
4722 4707
4723 2967
4724 3105
4725 3416
4726 3847
4727 4270
4728 6709
4729 3372
4730 3194
4731 1550
4732 2986
4733 3036
4734 2626
4735 4372
4736 2762
4737 5342
4738 2922
4739 4321
4740 6491
4741 5339
4742 5325
4743 3094
4744 1428
4745 3710
4746 2867
4747 3509
4748 4351
4749 4594
4750 3680
4751 3338
4752 4303
4753 4675
4754 2663
4755 4641
4756 2917
4757 2310
4758 4083
4759 2403
4760 4607
4761 2679
4762 2200
4763 4241
4764 3873
4765 4012
4766 3697
4767 4551
4768 4352
4769 3279
4770 3060
4771 2683
4772 4066
4773 5737
4774 3471
4775 4879
4776 5584
4777 3416
4778 5468
4779 3789
4780 2870
4781 1216
4782 1437
4783 1786
4784 904
4785 772
4786 829
4787 1682
4788 1712
4789 1510
4790 1713
4791 934
4792 1382
4793 1838
4794 1583
4795 1666
4796 1545
4797 932
4798 835
4799 1748
4800 1678
4801 3554
4802 4019
4803 1609
4804 1612
4805 1588
4806 1253
4807 1713
4808 1374
4809 2869
4810 4528
4811 1613
4812 1386
4813 1793
4814 2916
4815 3021
4816 4590
4817 1572
4818 3093
4819 2235
4820 1383
4821 1695
4822 3445
4823 2135
4824 4240
4825 4577
4826 1647
4827 1457
4828 4681
4829 1558
4830 1435
4831 1473
4832 1676
4833 4160
4834 4864
4835 3540
4836 3428
4837 1913
4838 1893
4839 3336
4840 4792
4841 3022
4842 1540
4843 1282
4844 1565
4845 4579
4846 3188
4847 1796
4848 4046
4849 1659
4850 1324
4851 3950
4852 1383
4853 1138
4854 1631
4855 1420
4856 1552
4857 2819
4858 2815
4859 2990
4860 1606
4861 2708
4862 2908
4863 1099
4864 3254
4865 1439
4866 1460
4867 1766
4868 1416
4869 3041
4870 1353
4871 1582
4872 1492
4873 1470
4874 1601
4875 1609
4876 2449
4877 1530
4878 1708
4879 1515
4880 1637
4881 1448
4882 2936
4883 1391
4884 2127
4885 2632
4886 3059
4887 2839
4888 2545
4889 2863
4890 1710
4891 2797
4892 2658
4893 4191
4894 2003
4895 1304
4896 1368
4897 1354
4898 1364
4899 4257
4900 2771
4901 2471
4902 3796
4903 1604
4904 1515
4905 1425
4906 4247
4907 1356
4908 1383
4909 2207
4910 1835
4911 5070
4912 3664
4913 5096
4914 2927
4915 2855
4916 3383
4917 5101
4918 3107
4919 3463
4920 3077
4921 3593
4922 4073
4923 1521
4924 1393
4925 3427
4926 1188
4927 1625
4928 2287
4929 1607
4930 1490
4931 1575
4932 3659
4933 2093
4934 1351
4935 1625
4936 1585
4937 3822
4938 1797
4939 1401
4940 3693
4941 4562
4942 1440
4943 1575
4944 1444
4945 4703
4946 4859
4947 4383
4948 4277
4949 1451
4950 2951
4951 3316
4952 2781
4953 3288
4954 2678
4955 2943
4956 1675
4957 2840
4958 1492
4959 2747
4960 3370
4961 2793
4962 2192
4963 1486
4964 1227
4965 2645
4966 4872
4967 3602
4968 3811
4969 4560
4970 1732
4971 1367
4972 1554
4973 3291
4974 2360
4975 2216
4976 3799
4977 1288
4978 1424
4979 1519
4980 1506
4981 1606
4982 3707
4983 1434
4984 1416
4985 1792
4986 2786
4987 2317
4988 2835
4989 2455
4990 1564
4991 3111
4992 1280
4993 1681
4994 2906
4995 1555
4996 1325
4997 2020
4998 2753
4999 1500
5000 1327
5001 4551
5002 4173
5003 2913
5004 1615
5005 1637
5006 1353
5007 3600
5008 1948
5009 2968
5010 3137
5011 1815
5012 5882
5013 1553
5014 1533
5015 4148
5016 2056
5017 1570
5018 1569
5019 1463
5020 1432
5021 1440
5022 1342
5023 1254
5024 1374
5025 1640
5026 3911
5027 1395
5028 1633
5029 1266
5030 1387
5031 3306
5032 2765
5033 1245
5034 1511
5035 2026
5036 1572
5037 1717
5038 1870
5039 1551
5040 1506
5041 1544
5042 1713
5043 3021
5044 1514
5045 3358
5046 1292
5047 3089
5048 1695
5049 6496
5050 5161
5051 4332
5052 3899
5053 8355
5054 2916
5055 3748
5056 4812
5057 3083
5058 1296
5059 1845
5060 1524
5061 1699
5062 1137
5063 3145
5064 2286
5065 3062
5066 3100
5067 1297
5068 1562
5069 4091
5070 4053
5071 1602
5072 2928
5073 1692
5074 3337
5075 2882
5076 2652
5077 2735
5078 3984
5079 2418
5080 4480
5081 2669
5082 2652
5083 2575
5084 4323
5085 3496
5086 3885
5087 3146
5088 3863
5089 1363
5090 2541
5091 2735
5092 3540
5093 2579
5094 1086
5095 4589
5096 2794
5097 2917
5098 2846
5099 1431
5100 1394
5101 1482
5102 2754
5103 1522
5104 1441
5105 1318
5106 1478
5107 1346
5108 4397
5109 1342
5110 2997
5111 4895
5112 1511
5113 4407
5114 1492
5115 5219
5116 3088
5117 4043
5118 2351
5119 3005
5120 3263
5121 2314
5122 3547
5123 3872
5124 4233
5125 2944
5126 3083
5127 5470
5128 5024
5129 3354
5130 1534
5131 3568
5132 3343
5133 5001
5134 6306
5135 2864
5136 3254
5137 3585
5138 3383
5139 3167
5140 2909
5141 920
5142 1312
5143 1368
5144 5085
5145 3238
5146 1357
5147 1798
5148 1888
5149 3107
5150 3737
5151 3699
5152 1309
5153 4106
5154 4642
5155 2636
5156 1521
5157 1601
5158 4608
5159 1349
5160 1517
5161 1401
5162 1656
5163 1799
5164 4791
5165 3520
5166 3507
5167 1603
5168 1153
5169 3396
5170 4825
5171 4091
5172 3476
5173 1914
5174 1473
5175 1783
5176 2283
5177 2249
5178 1178
5179 1140
5180 2413
5181 1071
5182 1169
5183 1116
5184 2352
5185 2603
5186 2234
5187 2000
5188 3149
5189 2857
5190 1296
5191 2191
5192 1618
5193 2801
5194 3149
5195 2173
5196 1170
5197 1121
5198 1009
5199 951
5200 1413
5201 1476
5202 1888
5203 1545
5204 2562
5205 1160
5206 2760
5207 2785
5208 2811
5209 1273
5210 3012
5211 1564
5212 1918
5213 2802
5214 4282
5215 1258
5216 2959
5217 1433
5218 2899
5219 1494
5220 1567
5221 1516
5222 7344
5223 5960
5224 6382
5225 5493
5226 5768
5227 5594
5228 6543
5229 4916
5230 4967
5231 5355
5232 5746
5233 7667
5234 7189
5235 1735
5236 1766
5237 1771
5238 1746
5239 1514
5240 1605
5241 1665
5242 1635
5243 1893
5244 3159
5245 1631
5246 1769
5247 4098
5248 2941
5249 1837
5250 1573
5251 1480
5252 1783
5253 3211
5254 1448
5255 1718
5256 1912
5257 2274
5258 1472
5259 1153
5260 1913
5261 3089
5262 2530
5263 2381
5264 1221
5265 1386
5266 1242
5267 4167
5268 1423
5269 2715
5270 2332
5271 2549
5272 4416
5273 4055
5274 2478
5275 3533
5276 1302
5277 2777
5278 2318
5279 1288
5280 4311
5281 3424
5282 2908
5283 4391
5284 3413
5285 2744
5286 4026
5287 1502
5288 3355
5289 4553
5290 4518
5291 2618
5292 3519
5293 1660
5294 2967
5295 1232
5296 2094
5297 2552
5298 2546
5299 2255
5300 2322
5301 2479
5302 1270
5303 2320
5304 2301
5305 2343
5306 1270
5307 2559
5308 4802
5309 1813
5310 1372
5311 3620
5312 3009
5313 3977
5314 3069
5315 3098
5316 1245
5317 1573
5318 1971
5319 1061
5320 4619
5321 3441
5322 1276
5323 1613
5324 4046
5325 3466
5326 2217
5327 1875
5328 5679
5329 2062
5330 1146
5331 2882
5332 1888
5333 2065
5334 1249
5335 3403
5336 4194
5337 3144
5338 1262
5339 1639
5340 4241
5341 884
5342 1249
5343 2837
5344 4250
5345 771
5346 1079
5347 1427
5348 4118
5349 876
5350 3172
5351 1894
5352 7293
5353 1146
5354 1830
5355 1774
5356 1271
5357 2201
5358 3970
5359 1365
5360 1089
5361 4251
5362 1952
5363 4724
5364 2439
5365 971
5366 2374
5367 1442
5368 2367
5369 2005
5370 5232
5371 2130
5372 1231
5373 3023
5374 1113
5375 1061
5376 1100
5377 3645
5378 1195
5379 1342
5380 1139
5381 3356
5382 1149
5383 3403
5384 2503
5385 2512
5386 1151
5387 1090
5388 1282
5389 2003
5390 1270
5391 1492
5392 2178
5393 3321
5394 1109
5395 7935
5396 2218
5397 6731
5398 1681
5399 1086
5400 1160
5401 1161
5402 6722
5403 2601
5404 1173
5405 1208
5406 1802
5407 1846
5408 4007
5409 1226
5410 804
5411 3120
5412 2638
5413 3007
5414 4241
5415 749
5416 1450
5417 5130
5418 1454
5419 893
5420 1130
5421 2863
5422 3137
5423 1400
5424 2915
5425 2452
5426 3665
5427 2583
5428 3551
5429 1062
5430 2665
5431 2924
5432 5063
5433 1203
5434 1675
5435 2253
5436 3012
5437 2782
5438 1624
5439 1024
5440 1163
5441 4601
5442 1368
5443 4344
5444 899
5445 2233
5446 1526
5447 2301
5448 3776
5449 843
5450 2289
5451 1519
5452 2534
5453 1266
5454 3591
5455 1174
5456 1179
5457 3492
5458 1197
5459 1323
5460 1521
5461 1354
5462 1221
5463 2962
5464 1887
5465 1840
5466 2060
5467 3678
5468 3751
5469 3126
5470 3252
5471 2115
5472 2087
5473 2951
5474 3122
5475 3266
5476 3148
5477 2122
5478 1756
5479 1549
5480 1956
5481 2865
5482 1967
5483 2491
5484 3504
5485 1778
5486 1941
5487 2474
5488 2801
5489 1471
5490 5001
5491 1496
5492 1585
5493 3311
5494 1552
5495 839
5496 1758
5497 1437
5498 1520
5499 3035
5500 831
5501 1254
5502 1420
5503 1059
5504 822
5505 2299
5506 2330
5507 855
5508 2698
5509 2241
5510 1695
5511 1325
5512 1150
5513 1663
5514 3827
5515 2289
5516 1837
5517 4907
5518 1350
5519 2292
5520 3648
5521 2364
5522 4258
5523 3885
5524 762
5525 1189
5526 3985
5527 2012
5528 1292
5529 5439
5530 2361
5531 1698
5532 1397
5533 1131
5534 1123
5535 1248
5536 1339
5537 1009
5538 2909
5539 2541
5540 2235
5541 3460
5542 1362
5543 2039
5544 2931
5545 2268
5546 1926
5547 2136
5548 2192
5549 2345
5550 2181
5551 1385
5552 1217
5553 2638
5554 1145
5555 1084
5556 1144
5557 3063
5558 3046
5559 1086
5560 2438
5561 4480
5562 2250
5563 2737
5564 1408
5565 2941
5566 2721
5567 3087
5568 2242
5569 2788
5570 4760
5571 1901
5572 2692
5573 2075
5574 2861
5575 2280
5576 2700
5577 1117
5578 2659
5579 1062
5580 3151
5581 1213
5582 2276
5583 3435
5584 2507
5585 2663
5586 2225
5587 2078
5588 3109
5589 2361
5590 2323
5591 1103
5592 2663
5593 1366
5594 3696
5595 2640
5596 2226
5597 3655
5598 2052
5599 1976
5600 2642
5601 3253
5602 1642
5603 1636
5604 3875
5605 1648
5606 1662
5607 3593
5608 3685
5609 1475
5610 3552
5611 3532
5612 2879
5613 3562
5614 3439
5615 3475
5616 3066
5617 1651
5618 2747
5619 2640
5620 2389
5621 2418
5622 3826
5623 2826
5624 2666
5625 2108
5626 1736
5627 3932
5628 5814
5629 1265
5630 3462
5631 3772
5632 3672
5633 1524
5634 3855
5635 1518
5636 1174
5637 4321
5638 2952
5639 2996
5640 2929
5641 2943
5642 2995
5643 4401
5644 1396
5645 1223
5646 3884
5647 2302
5648 4156
5649 4030
5650 4137
5651 2983
5652 4117
5653 1766
5654 2825
5655 1378
5656 4041
5657 4022
5658 1427
5659 2867
5660 3999
5661 3594
5662 2452
5663 3992
5664 2637
5665 1206
5666 4074
5667 3082
5668 2705
5669 4058
5670 2815
5671 3280
5672 2795
5673 2633
5674 1429
5675 2906
5676 3082
5677 3790
5678 3148
5679 3521
5680 5337
5681 3803
5682 3117
5683 1536
5684 1286
5685 1750
5686 1408
5687 1407
5688 1370
5689 4840
5690 1697
5691 2115
5692 1514
5693 4324
5694 4778
5695 2917
5696 4128
5697 1306
5698 1423
5699 1621
5700 2655
5701 1466
5702 3881
5703 3868
5704 1509
5705 2837
5706 2567
5707 1429
5708 3549
5709 1982
5710 1750
5711 2531
5712 2269
5713 1273
5714 1546
5715 1624
5716 3475
5717 2508
5718 5258
5719 1633
5720 3568
5721 2380
5722 2628
5723 1767
5724 1754
5725 2031
5726 3340
5727 1343
5728 2050
5729 2568
5730 3489
5731 3901
5732 1482
5733 2120
5734 2629
5735 1912
5736 3110
5737 1483
5738 2865
5739 1664
5740 4153
5741 2331
5742 1123
5743 1295
5744 2293
5745 1197
5746 2207
5747 3529
5748 1776
5749 2760
5750 3180
5751 1422
5752 2616
5753 2193
5754 1436
5755 2764
5756 1697
5757 2702
5758 2189
5759 3141
5760 1882
5761 1914
5762 3006
5763 4136
5764 1283
5765 3456
5766 3592
5767 1668
5768 4612
5769 2044
5770 2223
5771 3899
5772 1520
5773 1751
5774 1909
5775 2597
5776 2913
5777 1227
5778 1085
5779 3166
5780 2719
5781 3980
5782 2418
5783 2463
5784 2630
5785 2546
5786 1183
5787 1432
5788 4177
5789 1802
5790 1622
5791 1272
5792 1227
5793 3063
5794 2526
5795 2349
5796 1491
5797 1888
5798 2056
5799 2839
5800 4675
5801 5778
5802 4263
5803 3407
5804 5214
5805 2960
5806 3460
5807 2540
5808 2962
5809 3924
5810 3729
5811 1278
5812 1586
5813 2038
5814 1474
5815 3295
5816 4837
5817 1689
5818 1581
5819 1700
5820 3702
5821 1834
5822 2170
5823 1844
5824 3491
5825 1722
5826 1643
5827 1961
5828 1527
5829 1494
5830 3199
5831 1780
5832 1719
5833 1948
5834 3542
5835 3172
5836 1593
5837 4414
5838 4416
5839 4752
5840 4491
5841 3982
5842 2504
5843 3930
5844 1337
5845 1484
5846 2368
5847 3711
5848 2464
5849 1410
5850 2968
5851 2438
5852 1130
5853 3117
5854 2948
5855 2118
5856 2291
5857 1097
5858 4288
5859 1885
5860 1160
5861 2302
5862 3675
5863 2187
5864 939
5865 3082
5866 2343
5867 2152
5868 3523
5869 3885
5870 3522
5871 4186
5872 2578
5873 3721
5874 2317
5875 2891
5876 3287
5877 3916
5878 2731
5879 4488
5880 2573
5881 3532
5882 1969
5883 2283
5884 2414
5885 1576
5886 1215
5887 2381
5888 3707
5889 2468
5890 2642
5891 4048
5892 4421
5893 4774
5894 4899
5895 4290
5896 4023
5897 2764
5898 3767
5899 3668
5900 2729
5901 4281
5902 3010
5903 4481
5904 2961
5905 4004
5906 1785
5907 4104
5908 1710
5909 3868
5910 2945
5911 1863
5912 1840
5913 2454
5914 3830
5915 3505
5916 5263
5917 3481
5918 2034
5919 3420
5920 1782
5921 2954
5922 1649
5923 2638
5924 4259
5925 3754
5926 5214
5927 4617
5928 3679
5929 3732
5930 3231
5931 3978
5932 3202
5933 4998
5934 3239
5935 3988
5936 3619
5937 3973
5938 3550
5939 4057
5940 4228
5941 3485
5942 3936
5943 3656
5944 3678
5945 3379
5946 4482
5947 3451
5948 1444
5949 3321
5950 3708
5951 1579
5952 1567
5953 1556
5954 3497
5955 3288
5956 1832
5957 3289
5958 3551
5959 2853
5960 2483
5961 2476
5962 2683
5963 1299
5964 1188
5965 2586
5966 2513
5967 1196
5968 3020
5969 4149
5970 2249
5971 3485
5972 2045
5973 2351
5974 1575
5975 3159
5976 1463
5977 1475
5978 1462
5979 2925
5980 1589
5981 1536
5982 1503
5983 2503
5984 2525
5985 2912
5986 2902
5987 1792
5988 2883
5989 1574
5990 1562
5991 1377
5992 1267
5993 1630
5994 1413
5995 1474
5996 1448
5997 1557
5998 3170
5999 2708
6000 2432
6001 1426
6002 1283
6003 2728
6004 3776
6005 1572
6006 1647
6007 1651
6008 2580
6009 1461
6010 2580
6011 2568
6012 1606
6013 2467
6014 1410
6015 1454
6016 2352
6017 1408
6018 1253
6019 2569
6020 2573
6021 2798
6022 2905
6023 3981
6024 3228
6025 1468
6026 1318
6027 1634
6028 5580
6029 2398
6030 1424
6031 4000
6032 2891
6033 3003
6034 2690
6035 1202
6036 1465
6037 1395
6038 1916
6039 1439
6040 3599
6041 3308
6042 1331
6043 1291
6044 1968
6045 3882
6046 1406
6047 3270
6048 1407
6049 1177
6050 1426
6051 3304
6052 3287
6053 5461
6054 3451
6055 4906
6056 2866
6057 5034
6058 2977
6059 3106
6060 5105
6061 3446
6062 2241
6063 4926
6064 1726
6065 3244
6066 4602
6067 5014
6068 2435
6069 2270
6070 2831
6071 5100
6072 3381
6073 4536
6074 2790
6075 1057
6076 2409
6077 3062
6078 1500
6079 2625
6080 4302
6081 2609
6082 1355
6083 3901
6084 4418
6085 1686
6086 3696
6087 2951
6088 2762
6089 2252
6090 3147
6091 5287
6092 1327
6093 3410
6094 4299
6095 2280
6096 2286
6097 3477
6098 2657
6099 3283
6100 2316
6101 4345
6102 4094
6103 2720
6104 2919
6105 1490
6106 3202
6107 2637
6108 3235
6109 3465
6110 1418
6111 2659
6112 4259
6113 1557
6114 3044
6115 5045
6116 2607
6117 2679
6118 2701
6119 4691
6120 3142
6121 2920
6122 2888
6123 2797
6124 4015
6125 3344
6126 4378
6127 1441
6128 5501
6129 1478
6130 2214
6131 2483
6132 3733
6133 1821
6134 1580
6135 1638
6136 4088
6137 1729
6138 2128
6139 905
6140 4410
6141 1741
6142 4268
6143 3939
6144 1692
6145 4684
6146 1868
6147 6188
6148 1626
6149 1894
6150 2640
6151 3460
6152 3453
6153 5193
6154 3542
6155 5352
6156 4994
6157 2297
6158 2468
6159 3722
6160 1176
6161 3746
6162 3586
6163 1340
6164 2799
6165 2668
6166 1400
6167 2243
6168 4089
6169 2350
6170 2424
6171 3783
6172 3691
6173 2590
6174 1152
6175 1265
6176 1213
6177 1405
6178 5787
6179 4512
6180 1351
6181 3844
6182 1442
6183 4116
6184 3163
6185 1418
6186 3087
6187 4052
6188 3378
6189 3791
6190 2859
6191 3355
6192 3506
6193 3539
6194 3826
6195 3758
6196 3996
6197 3731
6198 3300
6199 2377
6200 3591
6201 3563
6202 3426
6203 2119
6204 2474
6205 2305
6206 2160
6207 3483
6208 3645
6209 3066
6210 3017
6211 3238
6212 3118
6213 1500
6214 4247
6215 4347
6216 4385
6217 3179
6218 3340
6219 3231
6220 3433
6221 3106
6222 3495
6223 3728
6224 3948
6225 3324
6226 3226
6227 3093
6228 3017
6229 3707
6230 3087
6231 4477
6232 4088
6233 4500
6234 3831
6235 3575
6236 4398
6237 3674
6238 3952
6239 3935
6240 4081
6241 4200
6242 4542
6243 3985
6244 3119
6245 2336
6246 2373
6247 3525
6248 3114
6249 1164
6250 2522
6251 993
6252 2516
6253 1048
6254 1399
6255 2687
6256 1528
6257 1501
6258 1393
6259 2965
6260 1656
6261 2692
6262 5136
6263 2920
6264 1393
6265 1737
6266 1445
6267 2602
6268 1642
6269 1249
6270 1597
6271 2793
6272 1603
6273 1736
6274 1468
6275 1339
6276 1348
6277 1371
6278 1466
6279 1241
6280 1372
6281 4179
6282 4514
6283 3369
6284 2933
6285 1364
6286 2178
6287 1419
6288 3951
6289 2966
6290 2386
6291 1281
6292 2383
6293 1182
6294 962
6295 1423
6296 3516
6297 3020
6298 1940
6299 2879
6300 1100
6301 1406
6302 3737
6303 3063
6304 2648
6305 1353
6306 3056
6307 2634
6308 3062
6309 1070
6310 2637
6311 4576
6312 1983
6313 2393
6314 1344
6315 2150
6316 1785
6317 2350
6318 2194
6319 3516
6320 2621
6321 2908
6322 3310
6323 3210
6324 1927
6325 1057
6326 2999
6327 1251
6328 1154
6329 1194
6330 2954
6331 3375
6332 3347
6333 2630
6334 1262
6335 1825
6336 4662
6337 4296
6338 4384
6339 4106
6340 4989
6341 3949
6342 4346
6343 4372
6344 3914
6345 4917
6346 2251
6347 2354
6348 1442
6349 1466
6350 2271
6351 5001
6352 1113
6353 2494
6354 1101
6355 2798
6356 1139
6357 2497
6358 2097
6359 3274
6360 3710
6361 1040
6362 5065
6363 4236
6364 4797
6365 4241
6366 5350
6367 5087
6368 3826
6369 5291
6370 4953
6371 5013
6372 4575
6373 4115
6374 4350
6375 1209
6376 1100
6377 1167
6378 3375
6379 1456
6380 2607
6381 3937
6382 2456
6383 2725
6384 2726
6385 2688
6386 1158
6387 1523
6388 2285
6389 2698
6390 4321
6391 2738
6392 3750
6393 3901
6394 3861
6395 3856
6396 3903
6397 4266
6398 3771
6399 3106
6400 1283
6401 3511
6402 3620
6403 3427
6404 3503
6405 1871
6406 1549
6407 4922
6408 5338
6409 4787
6410 1414
6411 4605
6412 2650
6413 4502
6414 5943
6415 2806
6416 4642
6417 4970
6418 5979
6419 4894
6420 5705
6421 2184
6422 2839
6423 2522
6424 2880
6425 2577
6426 2699
6427 2642
6428 2686
6429 2670
6430 2699
6431 2382
6432 2520
6433 2640
6434 3570
6435 3411
6436 3410
6437 4968
6438 2783
6439 5258
6440 3002
6441 5051
6442 3571
6443 5019
6444 3160
6445 3378
6446 3296
6447 1696
6448 3552
6449 4202
6450 3319
6451 3439
6452 3644
6453 5126
6454 1220
6455 4808
6456 4283
6457 5671
6458 4337
6459 5817
6460 1307
6461 3310
6462 4176
6463 3448
6464 2584
6465 1626
6466 4500
6467 5448
6468 2828
6469 5072
6470 6531
6471 3317
6472 3304
6473 2126
6474 3393
6475 2767
6476 3058
6477 4577
6478 3709
6479 1711
6480 3905
6481 3562
6482 3332
6483 1719
6484 1640
6485 6092
6486 4028
6487 3554
6488 3639
6489 1723
6490 1795
6491 2597
6492 2807
6493 2663
6494 2519
6495 2516
6496 3178
6497 2901
6498 4227
6499 3215
6500 2980
6501 2886
6502 2764
6503 2383
6504 2751
6505 4642
6506 2859
6507 3050
6508 2391
6509 2571
6510 2809
6511 3316
6512 5056
6513 4291
6514 5414
6515 2089
6516 2566
6517 5360
6518 1442
6519 3935
6520 4709
6521 3925
6522 3496
6523 4827
6524 4252
6525 3539
6526 5000
6527 4923
6528 3761
6529 3679
6530 4303
6531 4476
6532 1858
6533 3201
6534 3589
6535 5257
6536 3105
6537 5140
6538 2979
6539 3378
6540 2701
6541 3390
6542 3783
6543 3026
6544 3897
6545 4463
6546 3421
6547 3118
6548 3277
6549 3210
6550 2312
6551 4582
6552 3162
6553 5458
6554 2926
6555 2087
6556 4669
6557 4958
6558 1214
6559 3366
6560 5624
6561 4105
6562 4004
6563 3599
6564 2147
6565 1047
6566 1363
6567 1206
6568 1452
6569 1532
6570 1547
6571 2780
6572 1469
6573 1456
6574 1618
6575 1176
6576 3152
6577 3781
6578 1460
6579 4650
6580 4742
6581 2475
6582 3558
6583 4526
6584 1413
6585 6123
6586 4863
6587 4930
6588 4068
6589 1286
6590 2586
6591 3798
6592 2998
6593 2688
6594 3076
6595 2952
6596 2640
6597 1442
6598 2530
6599 2753
6600 3222
6601 2887
6602 3049
6603 1240
6604 1280
6605 2316
6606 1403
6607 2567
6608 2697
6609 1355
6610 1499
6611 2361
6612 1463
6613 2159
6614 4179
6615 2407
6616 1200
6617 2507
6618 1486
6619 3932
6620 1475
6621 1178
6622 1415
6623 4279
6624 2388
6625 2817
6626 4724
6627 3448
6628 3712
6629 5137
6630 2986
6631 2731
6632 3495
6633 2631
6634 2842
6635 1686
6636 2923
6637 1743
6638 1536
6639 1499
6640 3136
6641 1532
6642 1493
6643 1575
6644 3299
6645 2862
6646 3011
6647 3221
6648 1746
6649 1639
6650 2917
6651 3735
6652 3412
6653 3594
6654 5457
6655 2482
6656 1949
6657 3390
6658 3682
6659 2801
6660 1457
6661 1515
6662 4774
6663 4306
6664 4155
6665 3026
6666 1298
6667 1658
6668 3458
6669 3295
6670 1432
6671 1833
6672 1356
6673 1451
6674 3195
6675 1442
6676 3215
6677 3222
6678 1593
6679 4232
6680 3031
6681 1639
6682 4568
6683 1441
6684 1512
6685 3225
6686 1461
6687 1656
6688 4651
6689 3750
6690 3482
6691 3123
6692 3048
6693 5020
6694 4874
6695 4301
6696 2807
6697 3553
6698 4113
6699 4725
6700 3730
6701 3552
6702 3342
6703 3962
6704 3947
6705 2842
6706 3631
6707 2984
6708 3552
6709 2750
6710 3032
6711 2771
6712 2626
6713 1029
6714 2473
6715 1254
6716 3589
6717 2218
6718 1951
6719 2444
6720 3411
6721 3568
6722 2649
6723 2278
6724 1114
6725 2169
6726 3361
6727 1867
6728 2330
6729 1757
6730 1389
6731 3259
6732 3552
6733 1309
6734 1263
6735 2964
6736 2504
6737 3965
6738 2749
6739 2537
6740 1590
6741 2751
6742 2707
6743 2711
6744 2578
6745 3040
6746 2525
6747 2456
6748 2560
6749 2499
6750 2952
6751 2615
6752 2360
6753 2394
6754 2264
6755 3537
6756 4053
6757 2679
6758 2426
6759 1156
6760 2738
6761 1386
6762 4284
6763 4185
6764 2560
6765 2824
6766 2650
6767 4131
6768 3297
6769 5363
6770 6338
6771 1472
6772 2789
6773 2704
6774 1762
6775 3105
6776 2604
6777 3100
6778 3291
6779 2240
6780 2091
6781 2251
6782 2480
6783 1665
6784 1933
6785 1956
6786 1868
6787 2136
6788 2180
6789 2313
6790 2092
6791 2133
6792 2128
6793 1848
6794 1929
6795 5101
6796 3594
6797 4437
6798 4362
6799 4230
6800 3942
6801 2988
6802 3086
6803 2892
6804 2823
6805 3118
6806 2862
6807 2697
6808 3306
6809 2873
6810 5670
6811 2826
6812 3166
6813 2325
6814 2304
6815 2990
6816 3495
6818 2773
6819 3034
6820 2969
6821 2668
6822 142
6823 2617
6824 2923
6825 2735
6826 3646
6827 112
6828 2875
6829 3152
6830 3093
6831 2851
6832 1105
6833 2547
6834 3286
6835 2489
6836 2877
6837 2480
6838 2363
6839 2522
6840 2963
6841 2842
6842 2886
6843 2822
6844 2844
6845 3079
6846 3309
6847 2990
6848 3352
6849 2878
6850 2887
6851 2442
6852 2818
6853 2754
6854 2887
6855 2859
6856 2640
6857 2704
6858 3324
6859 3981
6860 2585
6861 3030
6862 2796
6863 1978
6864 2314
6865 2560
6866 2861
6867 3206
6868 2563
6869 2386
6870 2966
6871 2412
6872 2141
6873 3540
6874 2784
6875 2892
6876 3098
6877 2539
6878 4901
6879 2653
6880 77
6881 2942
6882 3188
6883 3171
6884 3083
6885 2563
6886 2417
6887 3183
6888 2780
6889 2970
6890 3261
6891 2672
6892 3033
6893 2227
6894 2805
6895 2610
6896 2397
6897 2116
6898 7028
6899 2497
6900 2604
6901 2126
6902 3949
6903 4075
6904 2972
6905 2598
6906 3124
6907 2485
6908 2719
6909 2063
6910 6126
6911 2973
6912 4832
6913 2939
6914 2418
6915 2636
6916 2361
6917 3041
6918 2318
6919 2925
6920 2640
6921 2562
6922 2691
6923 2670
6924 2439
6925 3341
6926 3405
6927 1758
6928 2559
6929 3286
6930 2572
6931 4685
6932 3135
6933 5125
6934 3122
6935 3033
6936 2677
6937 2835
6938 4819
6939 2698
6940 1615
6941 2588
6942 3264
6943 1691
6944 3068
6945 3102
6946 2735
6947 2738
6948 5507
6949 1672
6950 3066
6951 2961
6952 3157
6953 2854
6954 5003
6955 1521
6956 3134
6957 3016
6958 3029
6959 2564
6960 4698
6961 3562
6962 2865
6963 2919
6964 2692
6965 5164
6966 4313
6967 2735
6968 2716
6969 3073
6970 2607
6971 2658
6972 4883
6973 3402
6974 3257
6975 2803
6976 3370
6977 3943
6978 2596
6979 3222
6980 2905
6981 4945
6982 2243
6983 1658
6984 2570
6985 1543
6986 2892
6987 3187
6988 2587
6989 2810
6990 5311
6991 4427
6992 2543
6993 2744
6994 2711
6995 2857
6996 4414
6997 1938
6998 3243
6999 2998
7000 2051
7001 2377
7002 5745
7003 1488
7004 2601
7005 3279
7006 2719
7007 2290
7008 7135
7009 2074
7010 2895
7011 2610
7012 2540
7013 2663
7014 4641
7015 1696
7016 2704
7017 2704
7018 2757
7019 2948
7020 2125
7021 1203
7022 2174
7023 3684
7024 2630
7025 3806
7026 2838
7027 4867
7028 2816
7029 2828
7030 2999
7031 2763
7032 3737
7033 8608
7034 4359
7035 3159
7036 2502
7037 2365
7038 4116
7039 4016
7040 2661
7041 3187
7042 2562
7043 2892
7044 2775
7045 5324
7046 2651
7047 3057
7048 3307
7049 2250
7050 4816
7051 5647
7052 2824
7053 3020
7054 2847
7055 2245
7056 1699
7057 6980
7058 2810
7059 2284
7060 2812
7061 3055
7062 2642
7063 5226
7064 4225
7065 2744
7066 2499
7067 2361
7068 2756
7069 3286
7070 2520
7071 3427
7072 3217
7073 4292
7074 2015
7075 2709
7076 2972
7077 2958
7078 2701
7079 2181
7080 3096
7081 2780
7082 3248
7083 2434
7084 2440
7085 2834
7086 3270
7087 2689
7088 2882
7089 2630
7090 2696
7091 2840
7092 3754
7093 3036
7094 2948
7095 3221
7096 3496
7097 3259
7098 2784
7099 3011
7100 3287
7101 2897
7102 2593
7103 3239
7104 2984
7105 3265
7106 2266
7107 2338
7108 5168
7109 3928
7110 4244
7111 2579
7112 3279
7113 2476
7114 3203
7115 3017
7116 2757
7117 3127
7118 3297
7119 3148
7120 1975
7121 2723
7122 2780
7123 2253
7124 2376
7125 3135
7126 3279
7127 3488
7128 2881
7129 2586
7130 2955
7131 3061
7132 2921
7133 3319
7134 3019
7135 2697
7136 2405
7137 2372
7138 3073
7139 3773
7140 2932
7141 2803
7142 2938
7143 2659
7144 3066
7145 2504
7146 4502
7147 4015
7148 4316
7149 4513
7150 4314
7151 3519
7152 1593
7153 4345
7154 1387
7155 3087
7156 1461
7157 1394
7158 2853
7159 1297
7160 2499
7161 4843
7162 3844
7163 4559
7164 4721
7165 5668
7166 5577
7167 3674
7168 3981
7169 4732
7170 4829
7171 5657
7172 4630
7173 5511
7174 4609
7175 5763
7176 4632
7177 5038
7178 6753
7179 4194
7180 4154
7181 4898
7182 4868
7183 4606
7184 3896
7185 4774
7186 4212
7187 5415
7188 5516
7189 4421
7190 5968
7191 5837
7192 5864
7193 4889
7194 4696
7195 4598
7196 5565
7197 5343
7198 5109
7199 5864
7200 6185
7201 2718
7202 3666
7203 3315
7204 2187
7205 4087
7206 3752
7207 2008
7208 5229
7209 3752
7210 3504
7211 2602
7212 4615
7213 2602
7214 7263
7215 3396
7216 3670
7217 2762
7218 1944
7219 4989
7220 2046
7221 3670
7222 5620
7223 5562
7224 4304
7225 3764
7226 2338
7227 1605
7228 3703
7229 2259
7230 2679
7231 2702
7232 5663
7233 1445
7234 2659
7235 2826
7236 4429
7237 1394
7238 4063
7239 2901
7240 1477
7241 2176
7242 989
7243 2244
7244 2703
7245 1579
7246 3584
7247 941
7248 4388
7249 1346
7250 4603
7251 1685
7252 1490
7253 10845
7254 9904
7255 12701
7256 10058
7257 9963
7258 1390
7259 4244
7260 2545
7261 1211
7262 2658
7263 2681
7264 2685
7265 718
7266 1311
7267 1076
7268 1277
7269 2417
7270 4228
7271 1922
7272 1686
7273 2037
7274 1788
7275 3417
7276 2811
7277 3476
7278 3222
7279 2627
7280 2900
7281 2882
7282 2565
7283 4072
7284 5094
7285 4736
7286 2671
7287 1536
7288 2840
7289 2410
7290 2870
7291 4880
7292 1474
7293 5363
7294 5317
7295 2570
7296 1446
7297 8356
7298 2809
7299 7558
7300 2450
7301 4225
7302 3434
7303 5543
7304 5993
7305 3540
7306 3225
7307 2856
7308 2567
7309 2786
7310 1082
7311 8172
7312 3207
7313 6823
7314 3727
7315 4492
7316 4385
7317 2338
7318 4661
7319 2401
7320 4570
7321 3623
7322 2450
7323 3282
7324 2065
7325 2384
7326 3018
7327 3778
7328 4124
7329 3135
7330 3743
7331 6980
7332 4074
7333 2037
7334 5891
7335 7870
7336 5342
7337 1846
7338 1862
7339 2999
7340 7378
7341 3270
7342 4830
7343 3096
7344 4958
7345 3108
7346 2574
7347 8144
7348 7934
7349 3144
7350 9339
7351 2888
7352 3691
7353 6646
7354 6195
7355 5924
7356 2549
7357 2587
7358 5404
7359 4883
7360 5225
7361 2117
7362 5420
7363 8371
7364 2321
7365 5414
7366 5474
7367 1919
7368 2549
7369 5685
7370 4764
7371 751
7372 2032
7373 2701
7374 1530
7375 2610
7376 952
7377 6653
7378 10559
7379 7550
7380 6443
7381 3335
7382 4276
7383 3348
7384 3768
7385 2939
7386 3917
7387 3069
7388 3323
7389 2679
7390 4575
7391 3676
7392 3406
7393 2686
7394 6882
7395 5008
7396 5184
7397 2377
7398 5002
7399 2579
7400 1620
7401 3820
7402 3076
7403 2631
7404 4636
7405 2980
7406 3121
7407 1695
7408 8168
7409 7697
7410 3112
7411 5277
7412 5318
7413 5130
7414 4876
7415 5228
7416 3005
7417 2537
7418 2423
7419 2665
7420 3059
7421 2238
7422 2839
7423 2728
7424 2474
7425 2729
7426 3019
7427 5996
7428 5401
7429 3019
7430 3215
7431 8252
7432 2799
7433 2183
7434 5339
7435 7885
7436 2283
7437 5493
7438 2536
7439 2595
7440 5604
7441 2889
7442 2506
7443 3001
7444 5370
7445 5414
7446 5021
7447 2893
7448 4961
7449 6017
7450 2116
7451 3456
7452 2793
7453 4252
7454 2433
7455 4077
7456 2576
7457 3974
7458 3692
7459 3787
7460 3712
7461 3331
7462 4110
7463 4114
7464 3058
7465 4739
7466 3884
7467 4137
7468 5784
7469 2744
7470 4376
7471 1819
7472 2131
7473 5447
7474 6304
7475 2702
7476 2906
7477 4469
7478 7188
7479 5178
7480 2490
7481 6976
7482 2849
7483 5644
7484 2722
7485 3797
7486 3829
7487 3479
7488 1421
7489 5162
7490 2959
7491 3038
7492 4982
7493 4902
7494 3622
7495 3361
7496 2211
7497 4308
7498 2620
7499 5263
7500 4928
7501 5007
7502 2119
7503 3359
7504 7282
7505 7998
7506 2458
7507 4573
7508 2850
7509 2412
7510 2951
7511 4914
7512 1817
7513 3073
7514 2674
7515 2071
7516 2912
7517 4026
7518 2174
7519 2962
7520 2118
7521 2216
7522 2877
7523 2505
7524 2605
7525 2746
7526 2229
7527 2250
7528 3090
7529 2674
7530 1849
7531 2473
7532 5391
7533 2340
7534 3689
7535 4257
7536 1985
7537 2288
7538 2310
7539 2189
7540 2938
7541 4302
7542 2395
7543 1658
7544 3558
7545 2368
7546 2290
7547 2177
7548 2897
7549 2409
7550 2112
7551 2675
7552 2695
7553 2264
7554 2143
7555 2125
7556 2161
7557 2262
7558 2447
7559 2369
7560 3235
7561 3321
7562 3478
7563 4198
7564 2871
7565 3358
7566 2514
7567 3560
7568 2537
7569 3083
7570 2717
7571 2766
7572 2445
7573 3786
7574 4585
7575 2741
7576 2967
7577 2816
7578 2741
7579 2148
7580 2652
7581 3036
7582 2686
7583 2502
7584 2742
7585 2757
7586 3245
7587 3206
7588 2998
7589 2729
7590 2850
7591 2855
7592 2534
7593 5725
7594 2112
7595 2511
7596 1911
7597 2510
7598 2175
7599 6995
7600 7934
7601 1227
7602 1008
7603 679
7604 1346
7605 700
7606 928
7607 1212
7608 594
7609 1371
7610 1236
7611 1167
7612 724
7613 865
7614 794
7615 1000
7616 1109
7617 869
7618 751
7619 1454
7620 809
7621 1111
7622 1049
7623 1400
7624 969
7625 1214
7626 1128
7627 809
7628 756
7629 1254
7630 1063
7631 860
7632 1538
7633 866
7634 1135
7635 610
7636 1237
7637 1358
7638 1757
7639 3311
7640 1306
7641 826
7642 947
7643 1406
7644 1605
7645 1058
7646 1679
7647 1514
7648 1155
7649 1132
7650 1194
7651 850
7652 1190
7653 1354
7654 5131
7655 1063
7656 1388
7657 1343
7658 1954
7659 1335
7660 2121
7661 1539
7662 1385
7663 1507
7664 1429
7665 3022
7666 1878
7667 1962
7668 1705
7669 1454
7670 1269
7671 1674
7672 913
7673 734
7674 1075
7675 877
7676 1610
7677 890
7678 1609
7679 723
7680 1537
7681 1208
7682 1836
7683 1338
7684 932
7685 1248
7686 927
7687 960
7688 1401
7689 1591
7690 1517
7691 1045
7692 1057
7693 1372
7694 1984
7695 1017
7696 784
7697 665
7698 974
7699 854
7700 1325
7701 1412
7702 1417
7703 1154
7704 852
7705 1568
7706 1429
7707 3301
7708 1889
7709 1229
7710 1076
7711 1197
7712 1874
7713 918
7714 2002
7715 1005
7716 4269
7717 727
7718 1673
7719 1752
7720 2790
7721 1384
7722 1745
7723 1392
7724 1861
7725 1326
7726 3189
7727 1053
7728 6698
7729 1433
7730 1354
7731 1240
7732 3062
7733 1516
7734 7698
7735 2678
7736 1858
7737 1112
7738 2523
7739 6324
7740 5315
7741 2536
7742 4299
7743 2777
7744 2719
7745 2747
7746 3124
7747 2290
7748 2723
7749 3173
7750 2934
7751 3359
7752 3803
7753 2475
7754 2573
7755 7005
7756 2456
7757 2936
7758 2641
7759 2558
7760 1466
7761 1367
7762 1886
7763 1915
7764 2392
7765 2204
7766 1519
7767 1462
7768 1578
7769 1530
7770 1380
7771 1823
7772 2082
7773 1717
7774 1553
7775 1544
7776 2125
7777 1396
7778 1848
7779 1859
7780 1821
7781 2004
7782 2074
7783 1785
7784 955
7785 1495
7786 1536
7787 1224
7788 2368
7789 2668
7790 1417
7791 3849
7792 1931
7793 1343
7794 1567
7795 1674
7796 1291
7797 2263
7798 2352
7799 924
7800 728
7801 1134
7802 1519
7803 2398
7804 1347
7805 2312
7806 1059
7807 1376
7808 1802
7809 830
7810 1391
7811 1139
7812 1330
7813 948
7814 2931
7815 2621
7816 1418
7817 1017
7818 2234
7819 3181
7820 2742
7821 2451
7822 730
7823 4139
7824 994
7825 5229
7826 957
7827 1382
7828 1282
7829 1777
7830 1260
7831 2354
7832 1146
7833 1853
7834 2345
7835 4386
7836 1678
7837 821
7838 935
7839 918
7840 1280
7841 1522
7842 1291
7843 2621
7844 2077
7845 1440
7846 1098
7847 950
7848 1132
7849 933
7850 1255
7851 1353
7852 776
7853 919
7854 1173
7855 944
7856 803
7857 936
7858 861
7859 1597
7860 1163
7861 1839
7862 854
7863 1160
7864 1284
7865 1547
7866 1062
7867 752
7868 1084
7869 711
7870 1494
7871 685
7872 1502
7873 1059
7874 1262
7875 1540
7876 698
7877 880
7878 875
7879 1757
7880 572
7881 914
7882 1267
7883 796
7884 711
7885 739
7886 2915
7887 2107
7888 2028
7889 1688
7890 2345
7891 1314
7892 2777
7893 4596
7894 1571
7895 1479
7896 3786
7897 1658
7898 2829
7899 3217
7900 1164
7901 2583
7902 3378
7903 1726
7904 4518
7905 1034
7906 1770
7907 3341
7908 1034
7909 878
7910 3483
7911 1279
7912 2204
7913 3320
7914 1069
7915 2634
7916 1121
7917 791
7918 2029
7919 1763
7920 1090
7921 1739
7922 1158
7923 1160
7924 1042
7925 1401
7926 1986
7927 1416
7928 2050
7929 1825
7930 3220
7931 1478
7932 1484
7933 4494
7934 4352
7935 2820
7936 4328
7937 1222
7938 1393
7939 1633
7940 1896
7941 1157
7942 1438
7943 1295
7944 1897
7945 1302
7946 1964
7947 4834
7948 2676
7949 1758
7950 2677
7951 1012
7952 1580
7953 1178
7954 2040
7955 2940
7956 3079
7957 1266
7958 2913
7959 1219
7960 1485
7961 2296
7962 1813
7963 1990
7964 1628
7965 1057
7966 1221
7967 1277
7968 1435
7969 2863
7970 3239
7971 4316
7972 2962
7973 2994
7974 3269
7975 1591
7976 1469
7977 986
7978 807
7979 866
7980 1837
7981 887
7982 857
7983 3334
7984 1573
7985 1921
7986 1555
7987 1787
7988 1494
7989 2457
7990 1550
7991 1181
7992 1531
7993 1115
7994 1711
7995 1771
7996 1290
7997 1877
7998 1367
7999 1256
8000 2883
8001 1450
8002 3484
8003 1170
8004 1807
8005 10022
8006 5695
8007 2252
8008 2626
8009 2313
8010 8438
8011 1719
8012 1846
8013 3389
8014 3778
8015 4421
8016 9448
8017 3145
8018 6287
8019 10392
8020 964
8021 1687
8022 4349
8023 3369
8024 1539
8025 1504
8026 1374
8027 4130
8028 1294
8029 1873
8030 2047
8031 4086
8032 1411
8033 3577
8034 1044
8035 2305
8036 2517
8037 1424
8038 1470
8039 1190
8040 743
8041 2039
8042 1953
8043 781
8044 2280
8045 999
8046 1944
8047 984
8048 884
8049 1770
8050 4115
8051 2682
8052 3179
8053 817
8054 721
8055 2401
8056 1515
8057 1255
8058 1247
8059 1318
8060 3295
8061 1899
8062 2105
8063 2990
8064 1300
8065 2054
8066 1178
8067 4048
8068 2083
8069 1524
8070 631
8071 1271
8072 3253
8073 3864
8074 1948
8075 4596
8076 1733
8077 1332
8078 1452
8079 992
8080 996
8081 1529
8082 1071
8083 1081
8084 1047
8085 1646
8086 1305
8087 1573
8088 1347
8089 787
8090 1546
8091 1696
8092 1244
8093 1003
8094 845
8095 966
8096 1369
8097 948
8098 1082
8099 1350
8100 1057
8101 1338
8102 1416
8103 1810
8104 1423
8105 1271
8106 1653
8107 1115
8108 780
8109 1149
8110 1678
8111 1040
8112 2181
8113 1522
8114 1378
8115 1285
8116 1423
8117 1475
8118 1617
8119 1774
8120 4718
8121 1407
8122 3041
8123 1512
8124 3990
8125 870
8126 4813
8127 2019
8128 1697
8129 1153
8130 1036
8131 998
8132 2653
8133 1614
8134 6625
8135 717
8136 4083
8137 2274
8138 2693
8139 3633
8140 3995
8141 5079
8142 3245
8143 2283
8144 2226
8145 2884
8146 3879
8147 2117
8148 4326
8149 4225
8150 3755
8151 2497
8152 2655
8153 3551
8154 3393
8155 4583
8156 3853
8157 2467
8158 3151
8159 4407
8160 1841
8161 4126
8162 6853
8163 5142
8164 1995
8165 1736
8166 1351
8167 3617
8168 3050
8169 2976
8170 4131
8171 3433
8172 1209
8173 4852
8174 1734
8175 2412
8176 2981
8177 2805
8178 2059
8179 3195
8180 1679
8181 1623
8182 1507
8183 883
8184 720
8185 3779
8186 1596
8187 4144
8188 4654
8189 1109
8190 4120
8191 1310
8192 706
8193 2525
8194 2004
8195 1410
8196 3598
8197 1396
8198 4859
8199 1715
8200 2500
8201 918
8202 2698
8203 3106
8204 949
8205 1648
8206 1560
8207 1742
8208 1397
8209 3388
8210 2056
8211 4580
8212 958
8213 1422
8214 3260
8215 1738
8216 3317
8217 2443
8218 1349
8219 4081
8220 1289
8221 1907
8222 1872
8223 1116
8224 3588
8225 777
8226 4206
8227 1980
8228 3035
8229 1501
8230 5867
8231 1188
8232 1614
8233 1858
8234 2280
8235 733
8236 2062
8237 2919
8238 3168
8239 2164
8240 1601
8241 1221
8242 1764
8243 3629
8244 2896
8245 1715
8246 1901
8247 2915
8248 3750
8249 2704
8250 2313
8251 1900
8252 1515
8253 2292
8254 2657
8255 2715
8256 3423
8257 1515
8258 2345
8259 1860
8260 3090
8261 4039
8262 3375
8263 3648
8264 2302
8265 1702
8266 3777
8267 1129
8268 2861
8269 3185
8270 2043
8271 2532
8272 3037
8273 1453
8274 3438
8275 2405
8276 2162
8277 1917
8278 1214
8279 1890
8280 1469
8281 1597
8282 2250
8283 2345
8284 4649
8285 1597
8286 1584
8287 1982
8288 3825
8289 4049
8290 5858
8291 2964
8292 1750
8293 1256
8294 1435
8295 1784
8296 1999
8297 1910
8298 1815
8299 2702
8300 1523
8301 1526
8302 1711
8303 1493
8304 2629
8305 1453
8306 2166
8307 4371
8308 10643
8309 4776
8310 8293
8311 4731
8312 2655
8313 1833
8314 2595
8315 2599
8316 3007
8317 2362
8318 1389
8319 2288
8320 3732
8321 2648
8322 8114
8323 966
8324 1636
8325 1209
8326 1308
8327 1681
8328 965
8329 1860
8330 1065
8331 1308
8332 1355
8333 1724
8334 1075
8335 1330
8336 1503
8337 1808
8338 1396
8339 4233
8340 2897
8341 2473
8342 3193
8343 2384
8344 1342
8345 3270
8346 1682
8347 1160
8348 2039
8349 1225
8350 2318
8351 2014
8352 1383
8353 1445
8354 1585
8355 3774
8356 1363
8357 2574
8358 1868
8359 2405
8360 2397
8361 1996
8362 781
8363 1398
8364 1143
8365 878
8366 828
8367 1121
8368 2109
8369 1250
8370 1269
8371 1105
8372 1279
8373 1203
8374 1896
8375 1440
8376 1418
8377 1180
8378 2111
8379 1877
8380 1098
8381 1405
8382 932
8383 969
8384 1662
8385 1445
8386 1391
8387 723
8388 1714
8389 981
8390 1750
8391 1247
8392 877
8393 836
8394 1507
8395 1694
8396 1939
8397 1968
8398 1866
8399 1160
8400 1369
8401 4843
8402 914
8403 2928
8404 4911
8405 5555
8406 10127
8407 2160
8408 1235
8409 1555
8410 2742
8411 1746
8412 2683
8413 2075
8414 1436
8415 1868
8416 1433
8417 2382
8418 2630
8419 2455
8420 3107
8421 1763
8422 3316
8423 2600
8424 3586
8425 2674
8426 1387
8427 4093
8428 2470
8429 3040
8430 7710
8431 5368
8432 3794
8433 3173
8434 4069
8435 4775
8436 4849
8437 1110
8438 3775
8439 2697
8440 1855
8441 2465
8442 3150
8443 3469
8444 2653
8445 3092
8446 2981
8447 2660
8448 3103
8449 2137
8450 894
8451 1194
8452 1764
8453 1458
8454 1727
8455 1252
8456 1708
8457 1495
8458 1405
8459 1609
8460 1483
8461 1368
8462 502
8463 3908
8464 1205
8465 1398
8466 5444
8467 5379
8468 4636
8469 5042
8470 4825
8471 5390
8472 3618
8473 2730
8474 7632
8475 1842
8476 4813
8477 3484
8478 5105
8479 5819
8480 6015
8481 5098
8482 2974
8483 2754
8484 2767
8485 4698
8486 6599
8487 4725
8488 7539
8489 7917
8490 13793
8491 2839
8492 7158
8493 10238
8494 7977
8495 5810
8496 11547
8497 7109
8498 2325
8499 5129
8500 5184
8501 9792
8502 7135
8503 9475
8504 2063
8505 7603
8506 10494
8507 3661
8508 7031
8509 8000
8510 8181
8511 9550
8512 1413
8513 983
8514 1111
8515 1155
8516 1027
8517 1209
8518 1582
8519 2066
8520 2159
8521 4634
8522 1792
8523 727
8524 1318
8525 2338
8526 6380
8527 1149
8528 1352
8529 2094
8530 1155
8531 933
8532 3068
8533 2438
8534 3430
8535 1261
8536 1658
8537 3597
8538 4159
8539 3857
8540 874
8541 1135
8542 1049
8543 2390
8544 1292
8545 2435
8546 3621
8547 3299
8548 1420
8549 1137
8550 1155
8551 1362
8552 1142
8553 1589
8554 1478
8555 1004
8556 1271
8557 1754
8558 2219
8559 1522
8560 1255
8561 1149
8562 1486
8563 1251
8564 809
8565 2517
8566 1297
8567 1260
8568 1569
8569 1247
8570 943
8571 923
8572 1490
8573 886
8574 1552
8575 1283
8576 1453
8577 1251
8578 1041
8579 1076
8580 1577
8581 1966
8582 1122
8583 1016
8584 1447
8585 1925
8586 1574
8587 1896
8588 1906
