1 6800
2 1091
3 7148
4 5684
5 7226
6 6561
7 6904
8 7213
9 6715
10 7452
11 7050
12 6861
13 6033
14 7969
15 6799
16 7654
17 4875
18 5143
19 5007
20 5191
21 5087
22 5323
23 4758
24 375
25 5062
26 4768
27 232
28 375
29 5158
30 306
31 279
32 375
33 306
34 306
35 4810
36 279
37 136
38 122
39 4923
40 5222
41 490
42 4606
43 306
44 1842
45 490
46 279
47 1098
48 375
49 306
50 643
51 490
52 375
53 490
54 490
55 5122
56 3726
57 4202
58 3449
59 4394
60 4063
61 3852
62 4056
63 3745
64 4583
65 3585
66 3407
67 3910
68 3564
69 3548
70 3804
71 4309
72 6967
73 6477
74 8360
75 6714
76 5855
77 6295
78 7782
79 6935
80 7773
81 6454
82 5982
83 5164
84 4231
85 4807
86 5250
87 5396
88 5311
89 4450
90 5705
91 5670
92 6051
93 4223
94 6310
95 5807
96 4817
97 4845
98 6031
99 5565
100 6523
101 6016
102 7439
103 5117
104 4331
105 7710
106 6556
107 7323
108 8745
109 5384
110 7275
111 6011
112 7577
113 7466
114 8341
115 5919
116 9340
117 4985
118 6182
119 6389
120 5850
121 2020
122 6573
123 7184
124 7535
125 4133
126 6044
127 4819
128 4782
129 6741
130 8041
131 7207
132 7291
133 4754
134 6890
135 7636
136 4441
137 6045
138 5402
139 6754
140 6326
141 4910
142 6309
143 5286
144 4699
145 6411
146 6648
147 5617
148 4024
149 5319
150 4775
151 7625
152 7942
153 8750
154 6227
155 6540
156 7270
157 5094
158 5210
159 6692
160 5428
161 4510
162 4616
163 8205
164 3572
165 8597
166 6456
167 4920
168 3545
169 6295
170 4164
171 4953
172 5873
173 6572
174 5963
175 4329
176 6921
177 5078
178 4560
179 6868
180 3738
181 5847
182 6687
183 4545
184 6960
185 4987
186 7280
187 5284
188 5379
189 5581
190 5048
191 5632
192 6979
193 7198
194 6276
195 6017
196 6946
197 6419
198 3868
199 5793
200 6020
201 5301
202 5678
203 6373
204 6927
205 5932
206 5917
207 5839
208 5290
209 4856
210 7314
211 7119
212 5411
213 6916
214 5733
215 8751
216 6475
217 6347
218 6527
219 6504
220 6587
221 6730
222 6315
223 5154
224 4612
225 6768
226 5669
227 5916
228 5631
229 8563
230 6602
231 5673
232 7386
233 6976
234 5066
235 5552
236 5032
237 5203
238 5116
239 5214
240 2933
241 5267
242 5327
243 4365
244 5261
245 4569
246 4935
247 5595
248 5731
249 5249
250 5131
251 5367
252 5663
253 4855
254 5210
255 5328
256 5299
257 5981
258 5633
259 5697
260 4834
261 7236
262 5315
263 5596
264 6025
265 5154
266 7185
267 6058
268 6823
269 6797
270 6541
271 5544
272 5569
273 4129
274 6085
275 5580
276 6442
277 5306
278 4931
279 5116
280 3945
281 5909
282 4787
283 5042
284 4427
285 5952
286 5124
287 4403
288 4407
289 4449
290 4953
291 4443
292 4917
293 5082
294 4124
295 4579
296 4707
297 4724
298 6946
299 5759
300 7208
301 6764
302 6491
303 7214
304 6642
305 6543
306 6888
307 5841
308 9438
309 4927
310 5252
311 7328
312 7499
313 7157
314 5685
315 8157
316 6590
317 6453
318 5961
319 6423
320 7497
321 7510
322 6341
323 5518
324 5240
325 4813
326 4466
327 5746
328 3471
329 5283
330 3432
331 5118
332 4846
333 4154
334 3817
335 4834
336 5847
337 5976
338 3997
339 3800
340 4732
341 3956
342 7770
343 5709
344 7079
345 5407
346 5614
347 6688
348 6169
349 5756
350 5164
351 4698
352 6063
353 6052
354 4708
355 5064
356 7409
357 6564
358 6410
359 6257
360 5520
361 5448
362 5446
363 5457
364 5967
365 5865
366 6458
367 5900
368 6068
369 5485
370 4089
371 7207
372 9666
373 6337
374 5488
375 8321
376 6241
377 5654
378 7313
379 6076
380 8399
381 6076
382 5121
383 5376
384 6363
385 7579
386 8236
387 5711
388 5676
389 8133
390 8244
391 3817
392 5839
393 4556
394 4023
395 6341
396 3393
397 6351
398 5923
399 4625
400 7137
401 4528
402 5270
403 6417
404 5479
405 4627
406 6807
407 5135
408 3877
409 4625
410 5092
411 5506
412 5670
413 5269
414 6198
415 3898
416 6231
417 6012
418 5012
419 4953
420 3373
421 4367
422 4210
423 4539
424 3031
425 4331
426 4549
427 3915
428 3664
429 4061
430 4368
431 4800
432 3978
433 4060
434 4917
435 4514
436 3419
437 4402
438 4339
439 3028
440 3415
441 3583
442 3780
443 3018
444 4297
445 3981
446 4536
447 3660
448 3744
449 2811
450 4283
451 4251
452 6985
453 7751
454 5246
455 6597
456 4193
457 6191
458 4241
459 6067
460 4468
461 4105
462 4228
463 5766
464 4818
465 4073
466 4204
467 4540
468 3965
469 3828
470 5213
471 4095
472 6477
473 4188
474 4807
475 6575
476 5739
477 5539
478 5186
479 7542
480 4972
481 5800
482 5005
483 5301
484 6776
485 7215
486 5316
487 5240
488 4991
489 5316
490 5502
491 6025
492 5890
493 9847
494 5115
495 6164
496 6186
497 5411
498 5600
499 6353
500 6963
501 5498
502 5663
503 5043
504 5004
505 4649
506 3919
507 4878
508 5784
509 5805
510 4353
511 5917
512 5038
513 5427
514 4547
515 3362
516 3899
517 3496
518 4529
519 4129
520 3755
521 4918
522 4318
523 3891
524 4328
525 4469
526 4621
527 3891
528 4754
529 3819
530 4448
531 3877
532 7808
533 4977
534 4389
535 4708
536 4314
537 4220
538 4856
539 4542
540 4145
541 5052
542 4475
543 5729
544 5197
545 5059
546 5521
547 5471
548 5613
549 5980
550 6430
551 5662
552 4717
553 5517
554 5985
555 6047
556 4651
557 4229
558 5627
559 6112
560 5981
561 5126
562 4223
563 6269
564 5128
565 10192
566 4417
567 6499
568 5036
569 7291
570 6173
571 5341
572 5313
573 5082
574 6622
575 5430
576 4590
577 5147
578 4664
579 3854
580 4291
581 5559
582 5390
583 4259
584 4684
585 4255
586 5315
587 6578
588 4726
589 4075
590 5028
591 11598
592 6109
593 4826
594 4420
595 5280
596 10326
597 5817
598 4297
599 5270
600 5569
601 10254
602 6770
603 4305
604 4464
605 5155
606 10388
607 5564
608 4804
609 4158
610 5168
611 10976
612 5771
613 4855
614 5078
615 4812
616 4329
617 4345
618 3997
619 4469
620 4144
621 5601
622 5847
623 5546
624 6037
625 5850
626 5103
627 5119
628 5633
629 4868
630 4220
631 5930
632 6473
633 8774
634 8980
635 5648
636 7522
637 5072
638 5091
639 9934
640 5256
641 6845
642 5903
643 5805
644 7098
645 11472
646 8066
647 6505
648 6552
649 7807
650 7774
651 10096
652 10939
653 10058
654 5868
655 9765
656 10953
657 10074
658 10526
659 7724
660 8462
661 8255
662 7474
663 5983
664 7171
665 6992
666 4241
667 3508
668 5236
669 6698
670 3855
671 8794
672 5957
673 5787
674 6745
675 4748
676 5929
677 6300
678 5106
679 5479
680 6232
681 5017
682 6041
683 5695
684 3663
685 5965
686 5295
687 4822
688 5460
689 4743
690 6341
691 5663
692 4163
693 4085
694 3675
695 4924
696 4724
697 4457
698 3873
699 3958
700 4698
701 4638
702 4571
703 5183
704 4453
705 4261
706 4520
707 4349
708 3793
709 6962
710 4827
711 5590
712 5729
713 5752
714 5155
715 4727
716 7058
717 7199
718 7007
719 8279
720 5114
721 6578
722 6757
723 4646
724 5847
725 5483
726 4454
727 4207
728 5076
729 9214
730 9808
731 9753
732 7196
733 10074
734 6149
735 7982
736 6351
737 10351
738 9014
739 7553
740 7787
741 7622
742 7353
743 5977
744 7413
745 6940
746 6848
747 7647
748 7005
749 5637
750 8190
751 9503
752 6793
753 7537
754 5370
755 7453
756 7174
757 6707
758 6878
759 7732
760 8916
761 7328
762 7693
763 4756
764 5171
765 4363
766 4826
767 5138
768 4684
769 5061
770 4430
771 4993
772 5475
773 6602
774 6360
775 12582
776 8588
777 6579
778 5437
779 4989
780 8536
781 6498
782 5444
783 17544
784 6339
785 11625
786 8073
787 6495
788 7153
789 9794
790 5447
791 4994
792 5743
793 4610
794 4695
795 5140
796 6931
797 5162
798 4786
799 6146
800 4739
801 4719
802 4877
803 5516
804 5627
805 5220
806 4701
807 5012
808 4859
809 5101
810 5974
811 4791
812 5526
813 5410
814 4839
815 2899
816 3282
817 2462
818 2331
819 2115
820 2812
821 2308
822 1985
823 2368
824 2769
825 2300
826 2964
827 2706
828 2519
829 2423
830 3197
831 1697
832 2779
833 2827
834 2676
835 1963
836 6069
837 4939
838 5139
839 6696
840 5081
841 5771
842 6102
843 5026
844 5353
845 5021
846 6400
847 5905
848 4677
849 5601
850 5334
851 6017
852 6173
853 5031
854 5240
855 5132
856 4814
857 4343
858 5164
859 4386
860 5421
861 5604
862 4386
863 5060
864 4622
865 4972
866 4748
867 5071
868 4387
869 5072
870 4830
871 4109
872 4812
873 4784
874 4608
875 4469
876 4308
877 4360
878 4288
879 4892
880 4433
881 6766
882 6577
883 7939
884 6618
885 5986
886 6878
887 11959
888 7424
889 7110
890 6264
891 7697
892 7720
893 6398
894 6005
895 4622
896 4282
897 5680
898 4699
899 6118
900 5163
901 4897
902 7537
903 6043
904 6703
905 5954
906 6551
907 6288
908 6075
909 4836
910 6039
911 4482
912 4375
913 3815
914 4125
915 4408
916 4628
917 4162
918 4618
919 3953
920 5555
921 2941
922 4246
923 4937
924 4647
925 3799
926 4774
927 4270
928 4062
929 5259
930 4467
931 3818
932 4797
933 4409
934 4339
935 4560
936 4167
937 4959
938 3798
939 4315
940 4729
941 4680
942 5223
943 4834
944 6008
945 4800
946 4446
947 5024
948 5610
949 6284
950 4499
951 5099
952 5907
953 5600
954 5499
955 5701
956 5416
957 4594
958 4950
959 5238
960 5825
961 5601
962 5606
963 5925
964 4751
965 5751
966 4636
967 5128
968 5836
969 6077
970 4442
971 4006
972 4674
973 4193
974 3888
975 4384
976 4313
977 3245
978 4439
979 3800
980 4653
981 4269
982 3704
983 4765
984 4568
985 4437
986 4800
987 4304
988 4103
989 3286
990 4056
991 4329
992 3261
993 5720
994 6010
995 4658
996 6031
997 4168
998 4086
999 6602
1000 4264
1001 5355
1002 4274
1003 4903
1004 4855
1005 5154
1006 3959
1007 3791
1008 4451
1009 4311
1010 3499
1011 3947
1012 4089
1013 3977
1014 3336
1015 4331
1016 4081
1017 3724
1018 4956
1019 4010
1020 3662
1021 4711
1022 4623
1023 4401
1024 4770
1025 4984
1026 9761
1027 7442
1028 8925
1029 9608
1030 7044
1031 10551
1032 9417
1033 8280
1034 8708
1035 9497
1036 9888
1037 9587
1038 7774
1039 8511
1040 7855
1041 13750
1042 9764
1043 7509
1044 10363
1045 8185
1046 9916
1047 9823
1048 8809
1049 8924
1050 7709
1051 4540
1052 4487
1053 4843
1054 4729
1055 3898
1056 4917
1057 4818
1058 4755
1059 5216
1060 4502
1061 4214
1062 5389
1063 4338
1064 3575
1065 4813
1066 4282
1067 4875
1068 8309
1069 4646
1070 5186
1071 4085
1072 3274
1073 5820
1074 4357
1075 3554
1076 3981
1077 4263
1078 4013
1079 4653
1080 5227
1081 3275
1082 4324
1083 4486
1084 5022
1085 4475
1086 4212
1087 4610
1088 4801
1089 4840
1090 4055
1091 5781
1092 5167
1093 5270
1094 4925
1095 4756
1096 5302
1097 4561
1098 4983
1099 4758
1100 5177
1101 4792
1102 7481
1103 8444
1104 6944
1105 7449
1106 8270
1107 7087
1108 7770
1109 6654
1110 7366
1111 7376
1112 8128
1113 7250
1114 6661
1115 3273
1116 4247
1117 3566
1118 3843
1119 3376
1120 3536
1121 3866
1122 3752
1123 3865
1124 3955
1125 3100
1126 3302
1127 3332
1128 4220
1129 3915
1130 3832
1131 3274
1132 3823
1133 3483
1134 3342
1135 3488
1136 3887
1137 3212
1138 4248
1139 4109
1140 4034
1141 4404
1142 4418
1143 3864
1144 4413
1145 3514
1146 3560
1147 3831
1148 4311
1149 4175
1150 3670
1151 3993
1152 3849
1153 4056
1154 4616
1155 3887
1156 3328
1157 3709
1158 3664
1159 3046
1160 4156
1161 3815
1162 4001
1163 4745
1164 4330
1165 4422
1166 4337
1167 4262
1168 3488
1169 4193
1170 4336
1171 4512
1172 3865
1173 3935
1174 3710
1175 3644
1176 4194
1177 3047
1178 4411
1179 4676
1180 4544
1181 3573
1182 4036
1183 3155
1184 2752
1185 2815
1186 3719
1187 3259
1188 2161
1189 3038
1190 2924
1191 3700
1192 2896
1193 3307
1194 3238
1195 2860
1196 2951
1197 3225
1198 3226
1199 2702
1200 3016
1201 6956
1202 7459
1203 5832
1204 5255
1205 6464
1206 4979
1207 8017
1208 4622
1209 7204
1210 5183
1211 5474
1212 6092
1213 2009
1214 2057
1215 1387
1216 774
1217 1666
1218 1737
1219 1802
1220 803
1221 2988
1222 1637
1223 2313
1224 1935
1225 2226
1226 1746
1227 2774
1228 1805
1229 2393
1230 2414
1231 2282
1232 1491
1233 1644
1234 2234
1235 1783
1236 3640
1237 2357
1238 1931
1239 1829
1240 2001
1241 3850
1242 1777
1243 1928
1244 2149
1245 1071
1246 1834
1247 1806
1248 2129
1249 1938
1250 1078
1251 1504
1252 1494
1253 2369
1254 1822
1255 2292
1256 2530
1257 2486
1258 6486
1259 6536
1260 5342
1261 4482
1262 7246
1263 6632
1264 6766
1265 6697
1266 5006
1267 7054
1268 4819
1269 5649
1270 6768
1271 6202
1272 6082
1273 4679
1274 4619
1275 4815
1276 4953
1277 4882
1278 4937
1279 4266
1280 5098
1281 4795
1282 3976
1283 4467
1284 4655
1285 5283
1286 4996
1287 4553
1288 5011
1289 4680
1290 7005
1291 6308
1292 7032
1293 6826
1294 7118
1295 6839
1296 6627
1297 7486
1298 6028
1299 5995
1300 7881
1301 7195
1302 6706
1303 7631
1304 8011
1305 4795
1306 7918
1307 5100
1308 1318
1309 3973
1310 3782
1311 4727
1312 4750
1313 4880
1314 4814
1315 4813
1316 4411
1317 4509
1318 4416
1319 4607
1320 5153
1321 4634
1322 5744
1323 5263
1324 5963
1325 4302
1326 4384
1327 4175
1328 4725
1329 4561
1330 4210
1331 4364
1332 4477
1333 4237
1334 4811
1335 4788
1336 4955
1337 4961
1338 5221
1339 3875
1340 4418
1341 4538
1342 4127
1343 4130
1344 4289
1345 6469
1346 7874
1347 7482
1348 6329
1349 5699
1350 5022
1351 6083
1352 6244
1353 6747
1354 6869
1355 5518
1356 4977
1357 8755
1358 6965
1359 8254
1360 1508
1361 5523
1362 2730
1363 8189
1364 7401
1365 2586
1366 2696
1367 2137
1368 554
1369 1978
1370 2792
1371 1462
1372 2617
1373 2026
1374 2091
1375 1949
1376 2768
1377 2180
1378 2160
1379 3169
1380 1808
1381 1708
1382 2592
1383 2603
1384 4228
1385 2456
1386 2012
1387 2829
1388 4284
1389 2420
1390 2701
1391 2214
1392 2551
1393 4679
1394 5156
1395 3852
1396 2431
1397 1385
1398 2427
1399 2778
1400 2612
1401 2843
1402 2643
1403 2382
1404 1577
1405 2583
1406 1329
1407 4123
1408 1541
1409 1546
1410 2298
1411 1297
1412 1740
1413 9127
1414 4555
1415 1433
1416 9950
1417 6722
1418 10070
1419 8189
1420 1408
1421 10483
1422 4733
1423 8540
1424 2192
1425 8450
1426 5200
1427 9277
1428 1478
1429 8962
1430 5001
1431 5303
1432 5355
1433 4684
1434 4521
1435 4721
1436 5025
1437 4364
1438 4983
1439 4934
1440 3668
1441 4910
1442 4959
1443 4488
1444 4674
1445 5377
1446 4567
1447 4396
1448 4158
1449 4540
1450 4099
1451 4641
1452 4999
1453 4628
1454 4642
1455 4480
1456 4913
1457 6001
1458 4836
1459 4358
1460 4329
1461 4909
1462 4451
1463 3926
1464 5519
1465 4599
1466 4781
1467 5560
1468 4604
1469 4884
1470 4963
1471 4415
1472 4381
1473 5064
1474 5121
1475 8717
1476 10390
1477 9708
1478 14682
1479 8886
1480 10314
1481 8197
1482 7654
1483 9895
1484 6856
1485 7453
1486 9398
1487 7381
1488 8350
1489 8979
1490 9385
1491 9796
1492 9829
1493 10188
1494 9994
1495 9158
1496 9669
1497 8471
1498 9112
1499 8449
1500 9034
1501 7459
1502 6337
1503 5121
1504 6996
1505 6937
1506 5992
1507 6018
1508 5381
1509 6382
1510 5479
1511 6856
1512 6881
1513 6551
1514 5673
1515 6536
1516 1234
1517 9140
1518 9360
1519 10215
1520 9721
1521 8475
1522 6297
1523 8954
1524 6255
1525 5972
1526 6416
1527 6364
1528 5165
1529 6566
1530 6614
1531 6956
1532 7517
1533 7148
1534 6587
1535 6943
1536 7204
1537 4951
1538 6992
1539 6713
1540 6716
1541 7437
1542 6264
1543 5321
1544 5455
1545 4753
1546 4989
1547 4659
1548 5219
1549 5039
1550 4870
1551 5066
1552 4565
1553 5074
1554 5028
1555 4743
1556 5454
1557 4540
1558 4564
1559 1368
1560 1517
1561 1415
1562 1982
1563 1293
1564 2470
1565 1875
1566 2287
1567 1328
1568 2529
1569 760
1570 2629
1571 1783
1572 3346
1573 2475
1574 2035
1575 2067
1576 2792
1577 3199
1578 2543
1579 740
1580 2477
1581 2255
1582 2864
1583 2436
1584 2723
1585 2475
1586 3247
1587 2991
1588 2464
1589 2034
1590 708
1591 3957
1592 5287
1593 4761
1594 2519
1595 4038
1596 5825
1597 3882
1598 2806
1599 4853
1600 1277
1601 3875
1602 3799
1603 5907
1604 5055
1605 4005
1606 6097
1607 5507
1608 1362
1609 5981
1610 4035
1611 4427
1612 6191
1613 3510
1614 3464
1615 4076
1616 5632
1617 3876
1618 1627
1619 4707
1620 6232
1621 4253
1622 5274
1623 4373
1624 6794
1625 4948
1626 5724
1627 4141
1628 5193
1629 4933
1630 5277
1631 3702
1632 5365
1633 2749
1634 6403
1635 2882
1636 6341
1637 5213
1638 3110
1639 6084
1640 2882
1641 4918
1642 5689
1643 2691
1644 4999
1645 3430
1646 6017
1647 5364
1648 1581
1649 2467
1650 2692
1651 5097
1652 487
1653 3072
1654 6221
1655 4011
1656 2101
1657 3233
1658 6519
1659 643
1660 4869
1661 710
1662 5176
1663 2120
1664 2467
1665 5241
1666 2526
1667 959
1668 4314
1669 1692
1670 4989
1671 2451
1672 2408
1673 5031
1674 4149
1675 502
1676 3364
1677 966
1678 5665
1679 2748
1680 2429
1681 5406
1682 4759
1683 435
1684 4111
1685 1036
1686 5403
1687 2376
1688 2340
1689 4737
1690 4474
1691 2826
1692 4150
1693 1473
1694 4512
1695 5217
1696 4413
1697 3292
1698 4689
1699 5180
1700 3369
1701 3742
1702 1461
1703 6069
1704 1298
1705 4765
1706 4171
1707 1027
1708 4202
1709 4993
1710 728
1711 5911
1712 1456
1713 6350
1714 4160
1715 390
1716 3552
1717 6677
1718 2442
1719 5937
1720 5024
1721 2136
1722 4189
1723 978
1724 3640
1725 4018
1726 1427
1727 2834
1728 2139
1729 6220
1730 789
1731 5317
1732 4260
1733 1203
1734 4061
1735 2705
1736 3160
1737 5820
1738 2252
1739 1885
1740 2325
1741 2208
1742 1553
1743 832
1744 2744
1745 2945
1746 2956
1747 2023
1748 2807
1749 2749
1750 2181
1751 2432
1752 1843
1753 2136
1754 2370
1755 2344
1756 2119
1757 2326
1758 2570
1759 2070
1760 1811
1761 2139
1762 2380
1763 1900
1764 2337
1765 2259
1766 2409
1767 2780
1768 2600
1769 2466
1770 2405
1771 2722
1772 2910
1773 2223
1774 2306
1775 2389
1776 7762
1777 3863
1778 4078
1779 952
1780 3209
1781 1351
1782 4052
1783 2567
1784 1037
1785 4924
1786 4199
1787 3988
1788 5977
1789 3743
1790 7438
1791 7017
1792 4516
1793 5380
1794 6478
1795 7025
1796 6246
1797 3637
1798 5257
1799 4852
1800 420
1801 1119
1802 795
1803 4703
1804 841
1805 957
1806 1892
1807 937
1808 1218
1809 2072
1810 2029
1811 1932
1812 2265
1813 2239
1814 1725
1815 2148
1816 1017
1817 2568
1818 2043
1819 2353
1820 3499
1821 2424
1822 4075
1823 4853
1824 2207
1825 5287
1826 5541
1827 2176
1828 5735
1829 6292
1830 4449
1831 5122
1832 3863
1833 3898
1834 5668
1835 4179
1836 4308
1837 3619
1838 4225
1839 2815
1840 2533
1841 3485
1842 5430
1843 3226
1844 5698
1845 3371
1846 3798
1847 4259
1848 3198
1849 3422
1850 7619
1851 6110
1852 4986
1853 4572
1854 4042
1855 6594
1856 2026
1857 5866
1858 5442
1859 7003
1860 3235
1861 6542
1862 6612
1863 3984
1864 4751
1865 903
1866 978
1867 1025
1868 908
1869 1085
1870 1076
1871 1792
1872 2255
1873 5351
1874 3107
1875 989
1876 1213
1877 4804
1878 3759
1879 885
1880 1127
1881 942
1882 1414
1883 1378
1884 2642
1885 1206
1886 1069
1887 1780
1888 4173
1889 2570
1890 1052
1891 1008
1892 1240
1893 1078
1894 4627
1895 1277
1896 1961
1897 1056
1898 3970
1899 2449
1900 2075
1901 2116
1902 2880
1903 1115
1904 1309
1905 1050
1906 1151
1907 1074
1908 2741
1909 3802
1910 902
1911 921
1912 2281
1913 1511
1914 2234
1915 988
1916 1976
1917 2564
1918 2715
1919 2505
1920 1963
1921 2082
1922 6917
1923 5306
1924 6173
1925 6626
1926 4347
1927 5255
1928 4622
1929 6234
1930 4547
1931 5444
1932 5534
1933 5076
1934 4432
1935 6383
1936 4247
1937 2867
1938 4067
1939 3767
1940 6564
1941 1368
1942 1278
1943 1336
1944 885
1945 1419
1946 852
1947 1302
1948 1504
1949 1158
1950 940
1951 1693
1952 2770
1953 3543
1954 1425
1955 1816
1956 1020
1957 2488
1958 1212
1959 1207
1960 1348
1961 2136
1962 1190
1963 1531
1964 460
1965 3808
1966 5020
1967 6303
1968 7155
1969 6149
1970 5066
1971 5998
1972 5525
1973 5489
1974 4913
1975 5146
1976 5951
1977 2664
1978 3457
1979 6528
1980 6258
1981 6056
1982 6378
1983 1864
1984 5600
1985 2658
1986 1044
1987 4233
1988 848
1989 902
1990 2019
1991 1268
1992 896
1993 1416
1994 1373
1995 1192
1996 819
1997 880
1998 794
1999 1619
2000 788
2001 4700
2002 4558
2003 4114
2004 5275
2005 2894
2006 3967
2007 3371
2008 4671
2009 3842
2010 3794
2011 4202
2012 4098
2013 2112
2014 3614
2015 2565
2016 3437
2017 2933
2018 3527
2019 2451
2020 3148
2021 2277
2022 3356
2023 2177
2024 899
2025 1017
2026 2915
2027 2118
2028 2313
2029 3158
2030 2088
2031 3999
2032 2209
2033 2826
2034 1888
2035 2596
2036 1213
2037 1543
2038 3177
2039 5912
2040 1322
2041 2386
2042 3355
2043 3945
2044 2244
2045 2132
2046 4801
2047 3765
2048 1198
2049 4213
2050 3693
2051 3590
2052 3073
2053 1955
2054 2598
2055 3137
2056 1951
2057 3791
2058 4029
2059 1513
2060 3966
2061 3681
2062 3051
2063 3067
2064 2479
2065 5219
2066 4253
2067 1241
2068 2687
2069 4822
2070 2963
2071 2355
2072 4083
2073 4680
2074 4786
2075 1156
2076 5082
2077 4789
2078 3361
2079 2598
2080 4842
2081 5620
2082 3146
2083 2276
2084 4139
2085 5039
2086 2770
2087 4144
2088 4389
2089 5894
2090 4311
2091 3108
2092 5320
2093 5503
2094 7510
2095 1897
2096 3349
2097 3106
2098 8506
2099 4131
2100 2235
2101 3649
2102 4278
2103 8250
2104 7468
2105 3291
2106 3664
2107 3560
2108 1547
2109 3985
2110 5094
2111 7043
2112 3601
2113 6377
2114 3959
2115 5473
2116 4722
2117 5008
2118 7527
2119 5268
2120 6746
2121 4885
2122 5743
2123 4194
2124 5467
2125 6919
2126 6144
2127 5106
2128 4983
2129 8531
2130 3862
2131 4016
2132 2578
2133 2373
2134 6055
2135 4369
2136 1785
2137 1223
2138 3414
2139 2894
2140 10452
2141 3852
2142 2475
2143 3614
2144 5298
2145 1261
2146 1026
2147 3203
2148 3721
2149 1987
2150 6301
2151 5452
2152 1154
2153 3056
2154 2671
2155 2321
2156 4125
2157 2629
2158 3439
2159 3733
2160 1640
2161 1408
2162 2859
2163 4070
2164 2006
2165 4878
2166 1731
2167 2807
2168 1233
2169 3682
2170 4375
2171 5719
2172 4482
2173 2805
2174 2591
2175 4245
2176 4618
2177 1479
2178 3051
2179 3547
2180 3791
2181 4133
2182 1563
2183 4518
2184 1333
2185 2183
2186 3097
2187 5807
2188 2959
2189 3052
2190 1412
2191 2651
2192 4920
2193 3363
2194 5257
2195 4785
2196 5095
2197 5530
2198 3406
2199 5443
2200 5410
2201 4732
2202 4746
2203 4731
2204 3871
2205 5643
2206 4739
2207 3909
2208 4763
2209 3309
2210 4040
2211 5435
2212 3615
2213 2043
2214 1227
2215 4607
2216 3855
2217 4753
2218 3409
2219 2901
2220 5414
2221 4071
2222 1048
2223 3803
2224 1243
2225 4025
2226 3434
2227 4282
2228 2510
2229 5565
2230 3431
2231 1249
2232 2181
2233 1033
2234 4004
2235 3604
2236 6235
2237 4089
2238 3466
2239 2840
2240 3803
2241 6736
2242 3147
2243 2320
2244 2539
2245 4087
2246 1085
2247 3221
2248 1193
2249 1270
2250 1161
2251 3338
2252 2656
2253 4597
2254 7001
2255 2489
2256 2738
2257 2444
2258 2532
2259 3606
2260 3490
2261 1978
2262 3459
2263 4038
2264 4753
2265 2119
2266 2388
2267 5374
2268 2945
2269 2140
2270 3810
2271 5486
2272 4742
2273 2451
2274 2280
2275 4819
2276 5121
2277 3741
2278 6076
2279 4383
2280 4379
2281 5331
2282 4431
2283 5855
2284 5841
2285 6089
2286 5093
2287 3912
2288 4142
2289 2242
2290 3911
2291 2512
2292 2348
2293 2929
2294 4023
2295 2151
2296 2594
2297 2290
2298 3905
2299 3625
2300 2215
2301 2505
2302 2578
2303 3208
2304 3903
2305 1070
2306 3847
2307 2840
2308 4342
2309 2467
2310 2294
2311 4408
2312 2164
2313 2457
2314 3988
2315 1225
2316 4282
2317 2831
2318 2824
2319 4346
2320 4224
2321 4473
2322 5331
2323 3245
2324 3372
2325 3498
2326 3950
2327 4188
2328 5017
2329 3728
2330 3366
2331 3652
2332 3785
2333 3884
2334 3580
2335 4506
2336 4391
2337 4217
2338 2471
2339 3291
2340 3801
2341 2432
2342 3299
2343 4616
2344 3007
2345 2899
2346 4750
2347 4372
2348 5481
2349 2944
2350 3097
2351 5397
2352 3812
2353 4448
2354 5231
2355 3950
2356 4685
2357 5940
2358 5164
2359 4126
2360 2653
2361 4010
2362 3332
2363 4824
2364 4892
2365 3794
2366 4113
2367 4399
2368 5231
2369 5019
2370 4150
2371 3879
2372 3947
2373 3793
2374 4505
2375 2376
2376 3145
2377 6228
2378 4206
2379 3081
2380 1311
2381 2426
2382 1181
2383 6962
2384 5115
2385 4639
2386 3423
2387 5141
2388 4199
2389 1148
2390 4738
2391 4194
2392 4824
2393 3904
2394 4083
2395 3313
2396 3993
2397 3714
2398 4511
2399 3856
2400 3458
2401 1673
2402 1336
2403 653
2404 501
2405 712
2406 464
2407 1295
2408 1456
2409 1164
2410 1638
2411 1984
2412 571
2413 656
2414 1310
2415 579
2416 1811
2417 535
2418 1895
2419 1720
2420 1200
2421 2482
2422 2194
2423 2286
2424 1098
2425 602
2426 764
2427 627
2428 660
2429 691
2430 582
2431 2403
2432 999
2433 1425
2434 2638
2435 2600
2436 1775
2437 2087
2438 2240
2439 2420
2440 2479
2441 2300
2442 2124
2443 1990
2444 2242
2445 2622
2446 2749
2447 2504
2448 1674
2449 860
2450 2609
2451 2802
2452 2404
2453 3018
2454 2045
2455 980
2456 842
2457 497
2458 1038
2459 3847
2460 558
2461 1439
2462 3808
2463 524
2464 598
2465 4144
2466 4989
2467 3385
2468 4009
2469 1517
2470 2596
2471 1647
2472 1750
2473 884
2474 1669
2475 3272
2476 2089
2477 1845
2478 1532
2479 2416
2480 955
2481 2115
2482 1423
2483 2402
2484 2892
2485 1628
2486 1710
2487 791
2488 651
2489 1823
2490 953
2491 934
2492 867
2493 886
2494 1689
2495 2120
2496 651
2497 898
2498 936
2499 807
2500 2736
2501 2811
2502 2480
2503 978
2504 1627
2505 890
2506 2157
2507 1095
2508 1022
2509 1123
2510 941
2511 1172
2512 1949
2513 989
2514 2964
2515 746
2516 2734
2517 411
2518 446
2519 491
2520 689
2521 1157
2522 1750
2523 531
2524 993
2525 1653
2526 285
2527 516
2528 488
2529 436
2530 411
2531 1351
2532 1236
2533 4229
2534 768
2535 1016
2536 3784
2537 2065
2538 778
2539 1374
2540 795
2541 779
2542 1020
2543 1479
2544 1152
2545 2540
2546 619
2547 1289
2548 1527
2549 498
2550 463
2551 901
2552 763
2553 2109
2554 2299
2555 511
2556 2266
2557 2685
2558 594
2559 2070
2560 1206
2561 530
2562 713
2563 1089
2564 1228
2565 1053
2566 2760
2567 1285
2568 3300
2569 1107
2570 1034
2571 2278
2572 1147
2573 2022
2574 2063
2575 1931
2576 858
2577 896
2578 838
2579 1685
2580 1489
2581 2562
2582 1964
2583 775
2584 854
2585 833
2586 1836
2587 1575
2588 1900
2589 887
2590 1015
2591 1700
2592 2555
2593 946
2594 1973
2595 919
2596 853
2597 1763
2598 1619
2599 1219
2600 430
2601 2082
2602 675
2603 3040
2604 6025
2605 701
2606 1317
2607 3617
2608 753
2609 4225
2610 1274
2611 1945
2612 2099
2613 2198
2614 2182
2615 2489
2616 2155
2617 2768
2618 3242
2619 2060
2620 896
2621 1949
2622 1977
2623 1150
2624 1031
2625 3322
2626 2282
2627 2301
2628 3382
2629 3329
2630 2693
2631 2274
2632 3986
2633 2647
2634 2999
2635 2186
2636 3736
2637 4558
2638 3840
2639 2188
2640 3979
2641 4262
2642 4264
2643 4227
2644 1641
2645 1453
2646 4217
2647 902
2648 1015
2649 809
2650 939
2651 793
2652 1061
2653 941
2654 801
2655 1040
2656 857
2657 992
2658 851
2659 936
2660 653
2661 580
2662 677
2663 1580
2664 816
2665 2001
2666 6388
2667 566
2668 2917
2669 3576
2670 1240
2671 2503
2672 2803
2673 1347
2674 4852
2675 1771
2676 2477
2677 957
2678 2148
2679 4715
2680 1023
2681 938
2682 3443
2683 1224
2684 984
2685 2002
2686 2030
2687 1730
2688 1344
2689 963
2690 999
2691 4752
2692 2008
2693 1253
2694 2289
2695 979
2696 2242
2697 910
2698 2227
2699 2164
2700 3261
2701 1165
2702 1527
2703 979
2704 957
2705 2967
2706 1210
2707 2814
2708 1219
2709 3058
2710 1948
2711 1327
2712 549
2713 2835
2714 6469
2715 5477
2716 6194
2717 5423
2718 5250
2719 5328
2720 6523
2721 5816
2722 5969
2723 5834
2724 5190
2725 5489
2726 5287
2727 7890
2728 5179
2729 6010
2730 4778
2731 6358
2732 5959
2733 8142
2734 5466
2735 6484
2736 6092
2737 5402
2738 5491
2739 6064
2740 6133
2741 4191
2742 5482
2743 3785
2744 1883
2745 3567
2746 711
2747 975
2748 2667
2749 2391
2750 1272
2751 4812
2752 1079
2753 3960
2754 2537
2755 1178
2756 1167
2757 1124
2758 3193
2759 1894
2760 2440
2761 1934
2762 1821
2763 2686
2764 695
2765 1154
2766 451
2767 2455
2768 1706
2769 1146
2770 1629
2771 1840
2772 1554
2773 379
2774 970
2775 467
2776 1630
2777 522
2778 1688
2779 1324
2780 954
2781 1049
2782 428
2783 1691
2784 623
2785 1336
2786 746
2787 872
2788 1056
2789 711
2790 432
2791 685
2792 420
2793 443
2794 402
2795 513
2796 497
2797 413
2798 394
2799 1139
2800 856
2801 1520
2802 2391
2803 1787
2804 2436
2805 2506
2806 2216
2807 2729
2808 2971
2809 1753
2810 1856
2811 1318
2812 1682
2813 1627
2814 1638
2815 1623
2816 2122
2817 1770
2818 3508
2819 2301
2820 2315
2821 1459
2822 1989
2823 1540
2824 699
2825 558
2826 633
2827 601
2828 569
2829 587
2830 2152
2831 547
2832 796
2833 577
2834 1441
2835 574
2836 531
2837 536
2838 1095
2839 2266
2840 1949
2841 585
2842 737
2843 727
2844 611
2845 2212
2846 2522
2847 1734
2848 1822
2849 2338
2850 2422
2851 1758
2852 1401
2853 2413
2854 1106
2855 456
2856 2873
2857 520
2858 883
2859 1612
2860 2344
2861 748
2862 1606
2863 1049
2864 2057
2865 1662
2866 1188
2867 472
2868 2165
2869 1255
2870 949
2871 503
2872 550
2873 1070
2874 1731
2875 1740
2876 651
2877 1577
2878 1388
2879 1199
2880 1776
2881 1482
2882 1183
2883 1519
2884 1768
2885 1121
2886 941
2887 1812
2888 848
2889 2159
2890 1009
2891 960
2892 810
2893 1166
2894 1618
2895 871
2896 807
2897 924
2898 1529
2899 1369
2900 593
2901 867
2902 981
2903 920
2904 1773
2905 1132
2906 1638
2907 2348
2908 2509
2909 1248
2910 1224
2911 890
2912 1046
2913 630
2914 1633
2915 468
2916 861
2917 2216
2918 1779
2919 710
2920 4198
2921 1294
2922 1499
2923 1357
2924 2213
2925 433
2926 2407
2927 1594
2928 1424
2929 609
2930 1187
2931 1381
2932 1650
2933 1916
2934 2142
2935 2055
2936 2760
2937 652
2938 2582
2939 1462
2940 2725
2941 1832
2942 2120
2943 1317
2944 2957
2945 1841
2946 882
2947 1573
2948 1769
2949 662
2950 691
2951 2647
2952 1956
2953 1770
2954 828
2955 2238
2956 1730
2957 726
2958 722
2959 2255
2960 553
2961 844
2962 509
2963 1288
2964 1068
2965 526
2966 649
2967 1725
2968 900
2969 2262
2970 2035
2971 619
2972 844
2973 713
2974 530
2975 890
2976 360
2977 426
2978 838
2979 472
2980 488
2981 1179
2982 1506
2983 1470
2984 565
2985 657
2986 624
2987 2693
2988 800
2989 2620
2990 2089
2991 2700
2992 2844
2993 639
2994 2524
2995 2412
2996 2354
2997 1727
2998 2144
2999 2234
3000 2656
3001 1424
3002 1185
3003 675
3004 2010
3005 1538
3006 1526
3007 687
3008 2159
3009 809
3010 1590
3011 568
3012 1897
3013 1557
3014 834
3015 1278
3016 591
3017 705
3018 2463
3019 2536
3020 2045
3021 2952
3022 2854
3023 1742
3024 649
3025 720
3026 598
3027 1826
3028 701
3029 1975
3030 512
3031 2009
3032 1235
3033 837
3034 675
3035 2193
3036 612
3037 3962
3038 2243
3039 954
3040 1921
3041 824
3042 806
3043 926
3044 804
3045 2513
3046 687
3047 2171
3048 2155
3049 2071
3050 466
3051 433
3052 495
3053 411
3054 466
3055 832
3056 1298
3057 464
3058 449
3059 1665
3060 599
3061 579
3062 501
3063 457
3064 2048
3065 554
3066 489
3067 601
3068 593
3069 976
3070 411
3071 1093
3072 472
3073 389
3074 499
3075 419
3076 706
3077 576
3078 598
3079 2138
3080 3518
3081 783
3082 1542
3083 1059
3084 1615
3085 930
3086 1715
3087 1346
3088 1732
3089 604
3090 762
3091 746
3092 1814
3093 796
3094 1398
3095 1817
3096 920
3097 1556
3098 1906
3099 1965
3100 1260
3101 674
3102 842
3103 2086
3104 1760
3105 647
3106 893
3107 2623
3108 834
3109 623
3110 651
3111 1239
3112 2070
3113 1347
3114 2871
3115 725
3116 674
3117 692
3118 590
3119 721
3120 833
3121 973
3122 3079
3123 836
3124 2236
3125 2861
3126 1959
3127 2001
3128 867
3129 2096
3130 2130
3131 2517
3132 2317
3133 2065
3134 3735
3135 2337
3136 2444
3137 986
3138 2264
3139 787
3140 1323
3141 1682
3142 1486
3143 1422
3144 1411
3145 1628
3146 1455
3147 2242
3148 1650
3149 1392
3150 1513
3151 588
3152 650
3153 760
3154 829
3155 1114
3156 1847
3157 2816
3158 1908
3159 3730
3160 2600
3161 2129
3162 2297
3163 3102
3164 3182
3165 2034
3166 3085
3167 706
3168 525
3169 1121
3170 1593
3171 963
3172 1877
3173 1721
3174 690
3175 1592
3176 699
3177 1440
3178 2256
3179 2662
3180 1046
3181 682
3182 491
3183 506
3184 1402
3185 597
3186 518
3187 1852
3188 1807
3189 509
3190 629
3191 1495
3192 1460
3193 1976
3194 677
3195 570
3196 1143
3197 1966
3198 1483
3199 1167
3200 1200
3201 5979
3202 5551
3203 2983
3204 1007
3205 3508
3206 3694
3207 2007
3208 4308
3209 3572
3210 3078
3211 2213
3212 2413
3213 1130
3214 2409
3215 844
3216 2406
3217 3754
3218 1038
3219 2069
3220 1629
3221 3102
3222 2841
3223 2894
3224 818
3225 852
3226 844
3227 1995
3228 1866
3229 3320
3230 2564
3231 3582
3232 1995
3233 2355
3234 2398
3235 2223
3236 2241
3237 1582
3238 1174
3239 877
3240 1974
3241 876
3242 947
3243 875
3244 1836
3245 898
3246 2799
3247 1619
3248 1741
3249 1916
3250 3057
3251 4502
3252 2854
3253 3005
3254 673
3255 1569
3256 2099
3257 2362
3258 2153
3259 1986
3260 2865
3261 526
3262 1833
3263 2471
3264 3067
3265 1940
3266 2027
3267 2598
3268 3160
3269 1678
3270 2092
3271 1795
3272 2477
3273 2934
3274 1666
3275 1711
3276 1712
3277 3716
3278 2664
3279 2098
3280 3499
3281 2367
3282 2701
3283 2946
3284 2990
3285 2852
3286 2395
3287 2134
3288 2784
3289 3587
3290 6608
3291 1171
3292 2467
3293 2839
3294 3688
3295 2933
3296 3359
3297 4076
3298 6202
3299 2737
3300 4142
3301 1934
3302 4038
3303 2557
3304 4530
3305 4206
3306 4812
3307 2443
3308 3239
3309 3026
3310 2266
3311 3969
3312 2479
3313 5078
3314 2152
3315 880
3316 1154
3317 1188
3318 2283
3319 971
3320 1122
3321 2540
3322 4856
3323 2199
3324 1233
3325 584
3326 1892
3327 1800
3328 2115
3329 1746
3330 711
3331 1985
3332 711
3333 2863
3334 663
3335 1994
3336 1843
3337 2676
3338 3251
3339 1659
3340 939
3341 2399
3342 1707
3343 1841
3344 1604
3345 911
3346 1776
3347 1429
3348 1813
3349 1399
3350 1511
3351 1819
3352 1490
3353 1886
3354 1156
3355 822
3356 1740
3357 1425
3358 767
3359 1254
3360 1091
3361 1275
3362 1421
3363 1406
3364 1297
3365 1186
3366 1559
3367 1560
3368 3417
3369 1968
3370 3308
3371 1903
3372 793
3373 1068
3374 789
3375 3089
3376 755
3377 881
3378 539
3379 1666
3380 5753
3381 942
3382 2311
3383 572
3384 1564
3385 5599
3386 602
3387 1088
3388 999
3389 1664
3390 1803
3391 667
3392 2297
3393 719
3394 1542
3395 3850
3396 665
3397 857
3398 399
3399 1987
3400 1840
3401 1095
3402 1888
3403 669
3404 1750
3405 2243
3406 1385
3407 1883
3408 1305
3409 849
3410 2246
3411 592
3412 647
3413 662
3414 1540
3415 4149
3416 3172
3417 3470
3418 1081
3419 2255
3420 863
3421 912
3422 3485
3423 2848
3424 1919
3425 1965
3426 2539
3427 2556
3428 871
3429 1008
3430 793
3431 806
3432 2176
3433 1558
3434 777
3435 2228
3436 2192
3437 4588
3438 3167
3439 770
3440 3362
3441 3004
3442 4489
3443 2533
3444 1794
3445 1936
3446 1800
3447 2093
3448 2174
3449 2819
3450 2565
3451 3014
3452 821
3453 1537
3454 3185
3455 3111
3456 877
3457 1884
3458 661
3459 991
3460 2083
3461 2014
3462 878
3463 2941
3464 933
3465 840
3466 3169
3467 2161
3468 939
3469 944
3470 950
3471 799
3472 3333
3473 1835
3474 795
3475 948
3476 1206
3477 1228
3478 2311
3479 1455
3480 2090
3481 2493
3482 6634
3483 6669
3484 5159
3485 4073
3486 5182
3487 5079
3488 5249
3489 5369
3490 5500
3491 5277
3492 4747
3493 3470
3494 1734
3495 608
3496 1398
3497 1599
3498 784
3499 515
3500 1435
3501 2265
3502 1532
3503 1462
3504 1359
3505 2125
3506 1301
3507 1476
3508 1568
3509 1855
3510 1370
3511 1282
3512 1273
3513 2021
3514 2177
3515 5300
3516 3877
3517 4070
3518 3240
3519 4151
3520 3382
3521 4223
3522 4470
3523 3808
3524 2480
3525 1510
3526 1959
3527 2512
3528 1628
3529 595
3530 1738
3531 1442
3532 1644
3533 825
3534 814
3535 1603
3536 1424
3537 1835
3538 799
3539 2580
3540 2438
3541 2052
3542 2329
3543 1977
3544 1841
3545 3161
3546 1046
3547 1073
3548 2655
3549 1961
3550 2008
3551 3347
3552 2439
3553 1537
3554 2162
3555 1792
3556 766
3557 1571
3558 923
3559 855
3560 1505
3561 814
3562 2954
3563 944
3564 1140
3565 776
3566 658
3567 763
3568 814
3569 814
3570 467
3571 1659
3572 630
3573 1639
3574 513
3575 1172
3576 753
3577 497
3578 557
3579 419
3580 1394
3581 1766
3582 1520
3583 1054
3584 1080
3585 2009
3586 2047
3587 532
3588 577
3589 2226
3590 1193
3591 645
3592 695
3593 1547
3594 1841
3595 719
3596 463
3597 507
3598 560
3599 1654
3600 364
3601 2281
3602 2225
3603 2115
3604 2669
3605 1789
3606 2647
3607 5369
3608 2891
3609 830
3610 3903
3611 2029
3612 2641
3613 1043
3614 3460
3615 864
3616 3696
3617 917
3618 2061
3619 2390
3620 1231
3621 2252
3622 3912
3623 2258
3624 2095
3625 1722
3626 2784
3627 782
3628 2343
3629 2268
3630 2639
3631 3948
3632 1060
3633 1291
3634 3892
3635 2521
3636 2432
3637 1902
3638 2213
3639 2524
3640 3030
3641 2415
3642 1924
3643 2088
3644 2700
3645 665
3646 2322
3647 1903
3648 2182
3649 2192
3650 2048
3651 2648
3652 3138
3653 2874
3654 3122
3655 2970
3656 2606
3657 2735
3658 2916
3659 3527
3660 4410
3661 3051
3662 3206
3663 2568
3664 3026
3665 3279
3666 2875
3667 1479
3668 1452
3669 1878
3670 1846
3671 2231
3672 2319
3673 2122
3674 2021
3675 2098
3676 2695
3677 2606
3678 1531
3679 2124
3680 1641
3681 1675
3682 1853
3683 2048
3684 1891
3685 2079
3686 2417
3687 1628
3688 547
3689 1136
3690 2580
3691 1187
3692 2787
3693 2419
3694 606
3695 1026
3696 1194
3697 1160
3698 849
3699 1892
3700 2772
3701 2684
3702 1185
3703 2283
3704 1931
3705 3176
3706 3590
3707 668
3708 1144
3709 2860
3710 1854
3711 2831
3712 1341
3713 850
3714 526
3715 1242
3716 3292
3717 830
3718 2670
3719 1810
3720 2048
3721 2192
3722 2325
3723 2374
3724 2514
3725 3654
3726 2540
3727 3935
3728 3278
3729 3661
3730 2983
3731 2703
3732 3798
3733 3517
3734 4032
3735 2645
3736 3740
3737 2091
3738 1535
3739 928
3740 1578
3741 1653
3742 838
3743 1895
3744 1708
3745 1413
3746 2562
3747 2354
3748 2340
3749 2220
3750 1416
3751 2719
3752 1786
3753 2339
3754 1826
3755 1060
3756 2968
3757 1249
3758 1900
3759 3307
3760 2458
3761 1592
3762 2323
3763 2721
3764 912
3765 833
3766 952
3767 1133
3768 689
3769 1053
3770 2529
3771 2229
3772 3160
3773 2041
3774 1546
3775 1182
3776 2484
3777 945
3778 1913
3779 584
3780 3701
3781 2192
3782 2616
3783 2592
3784 3338
3785 2842
3786 2146
3787 2551
3788 4915
3789 1076
3790 2964
3791 2700
3792 4642
3793 2993
3794 2047
3795 3980
3796 2637
3797 1975
3798 1753
3799 2570
3800 2580
3801 1870
3802 1214
3803 2353
3804 975
3805 580
3806 688
3807 1115
3808 641
3809 1272
3810 1850
3811 573
3812 587
3813 1862
3814 1623
3815 1051
3816 1469
3817 1789
3818 612
3819 1452
3820 557
3821 631
3822 617
3823 1451
3824 1288
3825 672
3826 824
3827 585
3828 647
3829 2106
3830 735
3831 603
3832 2288
3833 1145
3834 586
3835 645
3836 974
3837 601
3838 2503
3839 1358
3840 1887
3841 1073
3842 2041
3843 760
3844 564
3845 1372
3846 1761
3847 1952
3848 763
3849 1757
3850 1515
3851 1169
3852 1016
3853 525
3854 1258
3855 613
3856 2799
3857 536
3858 2055
3859 4660
3860 4506
3861 4195
3862 2509
3863 2494
3864 3824
3865 3150
3866 4277
3867 4018
3868 4389
3869 1086
3870 4999
3871 3696
3872 2276
3873 2875
3874 680
3875 1762
3876 684
3877 3104
3878 1675
3879 1653
3880 897
3881 2546
3882 828
3883 2723
3884 707
3885 1096
3886 948
3887 3197
3888 2781
3889 3390
3890 2387
3891 3456
3892 3257
3893 5574
3894 2482
3895 1585
3896 3814
3897 811
3898 831
3899 1989
3900 1803
3901 754
3902 1553
3903 881
3904 2734
3905 2085
3906 732
3907 896
3908 3628
3909 979
3910 3486
3911 2749
3912 976
3913 2000
3914 1340
3915 3479
3916 2211
3917 3683
3918 3547
3919 2668
3920 626
3921 782
3922 3218
3923 1786
3924 1969
3925 853
3926 765
3927 2266
3928 889
3929 778
3930 2060
3931 1039
3932 1071
3933 1075
3934 878
3935 1384
3936 1003
3937 1193
3938 1863
3939 1078
3940 1038
3941 911
3942 925
3943 1015
3944 994
3945 763
3946 916
3947 798
3948 912
3949 1135
3950 1256
3951 983
3952 1503
3953 1047
3954 2520
3955 2303
3956 2192
3957 3181
3958 2026
3959 1771
3960 1891
3961 512
3962 1501
3963 404
3964 1914
3965 1446
3966 1902
3967 1565
3968 1334
3969 813
3970 1181
3971 1179
3972 1261
3973 1412
3974 1556
3975 1177
3976 1388
3977 1807
3978 1147
3979 750
3980 715
3981 631
3982 1653
3983 2237
3984 1663
3985 2134
3986 732
3987 723
3988 1538
3989 2146
3990 2657
3991 1520
3992 627
3993 640
3994 1312
3995 661
3996 731
3997 778
3998 668
3999 1130
4000 2727
4001 2629
4002 3287
4003 668
4004 1832
4005 1645
4006 3495
4007 1945
4008 3071
4009 2390
4010 2505
4011 2212
4012 2441
4013 3009
4014 2041
4015 3212
4016 2880
4017 681
4018 2141
4019 2732
4020 3236
4021 2182
4022 2796
4023 2575
4024 2046
4025 2885
4026 3276
4027 2820
4028 805
4029 1981
4030 3583
4031 2578
4032 2420
4033 2927
4034 822
4035 3020
4036 1167
4037 3214
4038 2786
4039 3560
4040 2638
4041 2716
4042 2913
4043 2547
4044 2648
4045 2718
4046 1945
4047 1545
4048 1801
4049 1896
4050 1550
4051 2250
4052 2437
4053 1429
4054 1728
4055 1394
4056 2125
4057 2588
4058 2369
4059 2455
4060 1878
4061 1489
4062 1566
4063 2152
4064 1459
4065 705
4066 3812
4067 4228
4068 3697
4069 3180
4070 3257
4071 3572
4072 3072
4073 3429
4074 3176
4075 2949
4076 3761
4077 3100
4078 2307
4079 2957
4080 2835
4081 3175
4082 3029
4083 2149
4084 2300
4085 2608
4086 2053
4087 1767
4088 1057
4089 839
4090 2183
4091 2306
4092 2413
4093 2841
4094 3113
4095 1527
4096 1221
4097 1545
4098 2225
4099 1480
4100 2292
4101 2085
4102 2288
4103 2716
4104 935
4105 2202
4106 1862
4107 2811
4108 1567
4109 1053
4110 1484
4111 3082
4112 1856
4113 1338
4114 844
4115 3914
4116 2445
4117 2232
4118 692
4119 1547
4120 1854
4121 688
4122 1746
4123 5065
4124 3674
4125 1062
4126 1871
4127 946
4128 1914
4129 1071
4130 2958
4131 1069
4132 987
4133 4391
4134 3445
4135 2101
4136 1805
4137 3757
4138 2793
4139 863
4140 2320
4141 2428
4142 2819
4143 2967
4144 2957
4145 2261
4146 2405
4147 2508
4148 2580
4149 782
4150 4029
4151 3440
4152 3546
4153 2657
4154 2823
4155 3565
4156 3236
4157 3002
4158 3687
4159 4370
4160 2926
4161 3456
4162 3099
4163 2513
4164 4593
4165 2511
4166 2384
4167 3461
4168 2827
4169 2571
4170 1351
4171 2220
4172 1819
4173 868
4174 3083
4175 938
4176 3255
4177 1463
4178 2403
4179 932
4180 1926
4181 997
4182 2826
4183 3357
4184 808
4185 2297
4186 1412
4187 3464
4188 4447
4189 1752
4190 2280
4191 833
4192 2024
4193 987
4194 1930
4195 3359
4196 2683
4197 848
4198 1652
4199 2773
4200 2367
4201 1877
4202 2908
4203 2731
4204 783
4205 3194
4206 986
4207 4111
4208 2670
4209 1343
4210 1353
4211 3786
4212 4531
4213 2139
4214 1942
4215 2748
4216 4194
4217 1001
4218 3061
4219 4193
4220 896
4221 2450
4222 3356
4223 2002
4224 2565
4225 1077
4226 2457
4227 2285
4228 2851
4229 2162
4230 2379
4231 2115
4232 1693
4233 970
4234 2982
4235 2287
4236 3356
4237 1209
4238 1383
4239 997
4240 2630
4241 2566
4242 1572
4243 833
4244 637
4245 1200
4246 1711
4247 3566
4248 2499
4249 4352
4250 1957
4251 1249
4252 1969
4253 879
4254 2790
4255 700
4256 1374
4257 899
4258 3052
4259 1259
4260 1020
4261 1639
4262 2123
4263 2379
4264 2117
4265 1677
4266 1185
4267 1987
4268 1408
4269 1028
4270 2391
4271 792
4272 982
4273 1705
4274 866
4275 1122
4276 1933
4277 1762
4278 1139
4279 2492
4280 1503
4281 4011
4282 2013
4283 1641
4284 1089
4285 2234
4286 692
4287 808
4288 2290
4289 1638
4290 1682
4291 968
4292 858
4293 1766
4294 797
4295 1008
4296 3904
4297 1193
4298 1605
4299 971
4300 1871
4301 2327
4302 1594
4303 1475
4304 2283
4305 2989
4306 1225
4307 1520
4308 623
4309 3580
4310 1115
4311 2209
4312 1591
4313 2762
4314 1600
4315 794
4316 1708
4317 999
4318 2559
4319 1131
4320 2449
4321 1162
4322 2721
4323 1247
4324 3097
4325 1612
4326 2394
4327 3740
4328 2548
4329 2123
4330 1055
4331 2150
4332 2042
4333 3323
4334 3367
4335 4427
4336 2597
4337 2501
4338 2800
4339 1994
4340 1568
4341 808
4342 723
4343 2573
4344 1050
4345 3872
4346 3717
4347 2501
4348 3066
4349 1825
4350 3796
4351 3084
4352 1886
4353 3003
4354 1774
4355 2587
4356 3771
4357 2551
4358 3040
4359 1908
4360 3115
4361 2304
4362 3374
4363 1736
4364 1761
4365 2983
4366 866
4367 773
4368 1762
4369 1727
4370 3322
4371 2524
4372 3345
4373 943
4374 3154
4375 3308
4376 2664
4377 2981
4378 2745
4379 3557
4380 3148
4381 3259
4382 1883
4383 3081
4384 3159
4385 3017
4386 4270
4387 2214
4388 2144
4389 934
4390 4234
4391 968
4392 2387
4393 2738
4394 2656
4395 2494
4396 3310
4397 3609
4398 3894
4399 2441
4400 3311
4401 2160
4402 2098
4403 2057
4404 1743
4405 2502
4406 3116
4407 1465
4408 1122
4409 767
4410 1529
4411 1633
4412 1649
4413 1079
4414 2396
4415 2392
4416 2207
4417 1452
4418 1124
4419 1380
4420 1420
4421 1010
4422 1964
4423 2353
4424 2193
4425 3057
4426 3116
4427 3005
4428 3461
4429 2739
4430 2748
4431 2507
4432 2752
4433 1289
4434 1147
4435 1448
4436 2834
4437 2521
4438 2279
4439 2787
4440 1573
4441 2061
4442 3082
4443 2036
4444 1976
4445 3134
4446 1251
4447 2668
4448 2478
4449 2938
4450 3022
4451 3319
4452 2777
4453 2955
4454 1253
4455 4055
4456 1096
4457 634
4458 935
4459 1097
4460 1354
4461 797
4462 915
4463 897
4464 2245
4465 1469
4466 1916
4467 1875
4468 1760
4469 1596
4470 1591
4471 2676
4472 1745
4473 2675
4474 1772
4475 2903
4476 1475
4477 1309
4478 1727
4479 2770
4480 1809
4481 3038
4482 1127
4483 2173
4484 903
4485 2388
4486 1540
4487 1956
4488 2942
4489 3161
4490 711
4491 1613
4492 860
4493 2769
4494 1689
4495 2840
4496 582
4497 2838
4498 2304
4499 1444
4500 2573
4501 480
4502 732
4503 877
4504 2254
4505 2237
4506 743
4507 2314
4508 1754
4509 1471
4510 1793
4511 2345
4512 2434
4513 704
4514 2053
4515 1335
4516 1977
4517 1549
4518 533
4519 2580
4520 2109
4521 1868
4522 2658
4523 3104
4524 1955
4525 843
4526 1649
4527 2673
4528 2647
4529 2428
4530 2785
4531 3584
4532 3540
4533 2883
4534 1850
4535 2739
4536 2413
4537 1927
4538 1741
4539 824
4540 1855
4541 994
4542 1723
4543 1452
4544 1534
4545 1561
4546 1252
4547 607
4548 1446
4549 1231
4550 1185
4551 1577
4552 1444
4553 1608
4554 1182
4555 1666
4556 1321
4557 1721
4558 499
4559 1885
4560 1577
4561 437
4562 1253
4563 1766
4564 2126
4565 2370
4566 1674
4567 1788
4568 1297
4569 1405
4570 739
4571 1394
4572 1595
4573 2252
4574 1565
4575 1606
4576 1536
4577 1437
4578 1701
4579 2702
4580 1815
4581 2312
4582 1688
4583 2198
4584 2165
4585 2221
4586 2309
4587 925
4588 2498
4589 585
4590 2026
4591 2358
4592 1592
4593 1837
4594 1540
4595 3607
4596 737
4597 2303
4598 1880
4599 2476
4600 1795
4601 714
4602 884
4603 2175
4604 2027
4605 2601
4606 2654
4607 955
4608 1189
4609 2020
4610 1809
4611 1300
4612 3268
4613 2015
4614 1331
4615 2339
4616 2216
4617 2118
4618 2227
4619 1908
4620 1882
4621 1563
4622 1435
4623 1600
4624 1300
4625 1908
4626 2136
4627 1722
4628 1839
4629 1802
4630 2384
4631 1396
4632 1734
4633 2143
4634 1753
4635 1533
4636 1616
4637 1642
4638 1644
4639 1765
4640 1593
4641 1687
4642 1802
4643 1457
4644 2684
4645 2006
4646 1393
4647 1505
4648 1673
4649 685
4650 468
4651 872
4652 1732
4653 1185
4654 1971
4655 1716
4656 1320
4657 1451
4658 1279
4659 1328
4660 1180
4661 1353
4662 1423
4663 1490
4664 1942
4665 794
4666 1791
4667 1755
4668 2327
4669 1621
4670 2316
4671 2227
4672 703
4673 1859
4674 2058
4675 2767
4676 844
4677 994
4678 2721
4679 1545
4680 2722
4681 846
4682 2546
4683 666
4684 2656
4685 2074
4686 1897
4687 1044
4688 4677
4689 784
4690 1880
4691 2373
4692 1915
4693 1834
4694 3307
4695 3337
4696 2484
4697 1967
4698 3348
4699 3663
4700 2892
4701 3391
4702 1759
4703 2370
4704 1808
4705 2729
4706 2425
4707 2161
4708 1919
4709 1210
4710 2304
4711 2429
4712 2304
4713 2091
4714 2336
4715 2023
4716 1962
4717 3348
4718 865
4719 1898
4720 2649
4721 2377
4722 2816
4723 2055
4724 2163
4725 2727
4726 1995
4727 1826
4728 3589
4729 1951
4730 2177
4731 1088
4732 1895
4733 1588
4734 1074
4735 1889
4736 1305
4737 2898
4738 1781
4739 1947
4740 2654
4741 2480
4742 2697
4743 1755
4744 719
4745 1673
4746 1721
4747 1535
4748 2159
4749 2448
4750 2088
4751 1785
4752 2435
4753 2348
4754 1463
4755 2355
4756 2013
4757 1750
4758 2855
4759 1959
4760 2694
4761 1910
4762 1378
4763 1862
4764 1911
4765 3491
4766 2707
4767 2818
4768 3148
4769 2878
4770 2151
4771 1894
4772 2581
4773 2811
4774 2880
4775 2150
4776 2603
4777 2863
4778 3160
4779 3591
4780 1748
4781 521
4782 1206
4783 1368
4784 421
4785 544
4786 527
4787 951
4788 1283
4789 1041
4790 1060
4791 471
4792 879
4793 1098
4794 1089
4795 1409
4796 1028
4797 666
4798 587
4799 1098
4800 1457
4801 1120
4802 2924
4803 1006
4804 676
4805 1091
4806 667
4807 974
4808 807
4809 2201
4810 3012
4811 1489
4812 854
4813 702
4814 1848
4815 1760
4816 2811
4817 815
4818 2022
4819 1456
4820 839
4821 1678
4822 3026
4823 1164
4824 3441
4825 2496
4826 1001
4827 942
4828 2606
4829 953
4830 902
4831 634
4832 1032
4833 3094
4834 2640
4835 2267
4836 1322
4837 479
4838 897
4839 2652
4840 3871
4841 2128
4842 869
4843 609
4844 887
4845 2328
4846 2434
4847 1033
4848 1374
4849 826
4850 693
4851 2122
4852 1062
4853 769
4854 800
4855 708
4856 915
4857 2042
4858 1217
4859 1981
4860 473
4861 1755
4862 1790
4863 928
4864 1573
4865 817
4866 862
4867 875
4868 1039
4869 1693
4870 749
4871 922
4872 784
4873 774
4874 838
4875 713
4876 1199
4877 814
4878 748
4879 529
4880 749
4881 446
4882 874
4883 557
4884 1473
4885 1385
4886 1132
4887 1364
4888 1645
4889 1378
4890 691
4891 1111
4892 1700
4893 2632
4894 946
4895 1024
4896 859
4897 943
4898 1137
4899 3039
4900 2284
4901 1684
4902 2609
4903 983
4904 793
4905 923
4906 2733
4907 674
4908 898
4909 1248
4910 1415
4911 3952
4912 2042
4913 3766
4914 2186
4915 1852
4916 1617
4917 4227
4918 1827
4919 1868
4920 2227
4921 1760
4922 2714
4923 893
4924 717
4925 2018
4926 751
4927 1187
4928 1893
4929 1053
4930 803
4931 749
4932 1978
4933 1372
4934 1073
4935 1149
4936 1027
4937 3224
4938 1018
4939 1049
4940 2479
4941 2540
4942 696
4943 776
4944 826
4945 2643
4946 2401
4947 2395
4948 2516
4949 1049
4950 2312
4951 2887
4952 1841
4953 2200
4954 1968
4955 1511
4956 864
4957 1507
4958 636
4959 2045
4960 2234
4961 2115
4962 1300
4963 772
4964 725
4965 2488
4966 3529
4967 2453
4968 3240
4969 2772
4970 1098
4971 717
4972 863
4973 2785
4974 1833
4975 1868
4976 2053
4977 599
4978 811
4979 905
4980 718
4981 916
4982 2556
4983 1010
4984 784
4985 1146
4986 2101
4987 1702
4988 1825
4989 1601
4990 819
4991 2798
4992 873
4993 952
4994 1905
4995 754
4996 732
4997 1214
4998 1668
4999 964
5000 759
5001 2480
5002 2687
5003 1704
5004 912
5005 1027
5006 787
5007 1817
5008 1030
5009 1742
5010 1939
5011 1381
5012 4165
5013 430
5014 830
5015 2973
5016 1189
5017 435
5018 459
5019 660
5020 762
5021 834
5022 621
5023 679
5024 976
5025 630
5026 1683
5027 1036
5028 897
5029 739
5030 1038
5031 1534
5032 1443
5033 734
5034 555
5035 1019
5036 785
5037 370
5038 399
5039 645
5040 943
5041 860
5042 446
5043 1171
5044 513
5045 1579
5046 534
5047 1209
5048 774
5049 4930
5050 3359
5051 3133
5052 3390
5053 5620
5054 1809
5055 3048
5056 3646
5057 2126
5058 925
5059 1290
5060 826
5061 1010
5062 593
5063 2297
5064 1474
5065 1860
5066 2383
5067 781
5068 1075
5069 2767
5070 2462
5071 920
5072 2509
5073 1066
5074 2704
5075 2261
5076 1715
5077 1725
5078 2883
5079 1535
5080 2127
5081 1556
5082 1771
5083 2066
5084 3167
5085 2403
5086 2577
5087 2752
5088 2709
5089 1195
5090 1336
5091 1733
5092 2460
5093 1304
5094 585
5095 4120
5096 1911
5097 1509
5098 2064
5099 811
5100 867
5101 725
5102 1548
5103 641
5104 671
5105 695
5106 742
5107 577
5108 3103
5109 715
5110 1929
5111 2363
5112 1074
5113 2889
5114 748
5115 4232
5116 1911
5117 3217
5118 1516
5119 1307
5120 1831
5121 1105
5122 2363
5123 2576
5124 2473
5125 1607
5126 1442
5127 2828
5128 2665
5129 1488
5130 892
5131 1980
5132 2136
5133 2255
5134 2375
5135 1412
5136 1877
5137 2072
5138 1735
5139 1479
5140 2627
5141 373
5142 402
5143 803
5144 2846
5145 1402
5146 580
5147 971
5148 1241
5149 1593
5150 2742
5151 2781
5152 1064
5153 4156
5154 3153
5155 1544
5156 744
5157 859
5158 2594
5159 799
5160 946
5161 807
5162 721
5163 1025
5164 2587
5165 2074
5166 2283
5167 1040
5168 1029
5169 2285
5170 3184
5171 2982
5172 2143
5173 1090
5174 1144
5175 1503
5176 1374
5177 1338
5178 853
5179 663
5180 1360
5181 705
5182 894
5183 631
5184 1854
5185 1623
5186 1513
5187 1575
5188 1382
5189 2516
5190 535
5191 1804
5192 722
5193 2291
5194 2392
5195 1409
5196 764
5197 635
5198 566
5199 577
5200 839
5201 755
5202 1046
5203 585
5204 1021
5205 615
5206 1024
5207 1527
5208 1224
5209 694
5210 2350
5211 957
5212 892
5213 1758
5214 2963
5215 793
5216 2094
5217 734
5218 1298
5219 696
5220 738
5221 868
5222 4339
5223 4636
5224 3473
5225 3288
5226 3558
5227 4047
5228 4112
5229 4381
5230 4967
5231 5202
5232 4658
5233 2612
5234 4315
5235 1114
5236 896
5237 966
5238 1068
5239 819
5240 1112
5241 1036
5242 925
5243 1015
5244 2039
5245 1027
5246 1096
5247 3167
5248 1885
5249 1002
5250 1216
5251 877
5252 1084
5253 2308
5254 951
5255 1008
5256 1398
5257 1034
5258 728
5259 575
5260 1477
5261 2170
5262 2044
5263 1580
5264 679
5265 761
5266 791
5267 2151
5268 719
5269 1987
5270 1607
5271 1965
5272 2966
5273 2752
5274 1869
5275 2689
5276 881
5277 1958
5278 1758
5279 828
5280 3756
5281 2042
5282 1979
5283 3058
5284 2555
5285 1985
5286 3261
5287 1157
5288 2050
5289 3141
5290 3086
5291 2136
5292 2614
5293 986
5294 2341
5295 796
5296 1348
5297 1667
5298 1811
5299 1960
5300 2124
5301 1621
5302 852
5303 1309
5304 1811
5305 2061
5306 710
5307 1770
5308 3354
5309 900
5310 886
5311 2667
5312 1618
5313 2383
5314 1983
5315 2804
5316 871
5317 1019
5318 1129
5319 614
5320 2953
5321 2785
5322 938
5323 831
5324 2920
5325 2283
5326 1615
5327 996
5328 4053
5329 1136
5330 850
5331 1759
5332 1270
5333 1414
5334 1021
5335 2288
5336 2914
5337 2202
5338 914
5339 1009
5340 2372
5341 444
5342 749
5343 2284
5344 2701
5345 453
5346 602
5347 1023
5348 2635
5349 393
5350 2665
5351 1463
5352 4219
5353 583
5354 1244
5355 1641
5356 889
5357 1663
5358 3116
5359 892
5360 1159
5361 2564
5362 1449
5363 4660
5364 2045
5365 721
5366 2028
5367 1123
5368 1789
5369 1379
5370 4519
5371 1345
5372 721
5373 1290
5374 670
5375 688
5376 659
5377 2539
5378 658
5379 758
5380 747
5381 2674
5382 750
5383 2367
5384 1730
5385 1683
5386 693
5387 706
5388 765
5389 1358
5390 699
5391 918
5392 1531
5393 1652
5394 576
5395 4728
5396 1038
5397 4206
5398 1474
5399 630
5400 762
5401 640
5402 4919
5403 2259
5404 767
5405 834
5406 1698
5407 1107
5408 3314
5409 740
5410 468
5411 1623
5412 1514
5413 2175
5414 2868
5415 435
5416 622
5417 3109
5418 831
5419 454
5420 631
5421 1623
5422 2250
5423 832
5424 2695
5425 1939
5426 1945
5427 1726
5428 2072
5429 704
5430 2184
5431 1331
5432 3209
5433 689
5434 879
5435 1393
5436 1843
5437 1963
5438 861
5439 453
5440 601
5441 1929
5442 895
5443 2771
5444 507
5445 1713
5446 610
5447 1929
5448 2386
5449 441
5450 1232
5451 1153
5452 1715
5453 653
5454 1946
5455 646
5456 686
5457 2496
5458 655
5459 767
5460 1083
5461 724
5462 642
5463 2447
5464 955
5465 1264
5466 1095
5467 2739
5468 1999
5469 3138
5470 2344
5471 1191
5472 1022
5473 2062
5474 1984
5475 2289
5476 2880
5477 1124
5478 1132
5479 801
5480 1132
5481 2621
5482 1158
5483 1184
5484 2058
5485 940
5486 1074
5487 1741
5488 2057
5489 812
5490 2947
5491 976
5492 882
5493 1553
5494 744
5495 344
5496 1659
5497 773
5498 897
5499 1617
5500 478
5501 798
5502 869
5503 672
5504 313
5505 810
5506 1705
5507 375
5508 1576
5509 1396
5510 1138
5511 767
5512 523
5513 1018
5514 2498
5515 1317
5516 1062
5517 4143
5518 1005
5519 2518
5520 2541
5521 1054
5522 3395
5523 2467
5524 313
5525 690
5526 2915
5527 1025
5528 740
5529 2793
5530 1619
5531 455
5532 931
5533 480
5534 419
5535 956
5536 829
5537 404
5538 1890
5539 1267
5540 1215
5541 2193
5542 567
5543 1027
5544 2585
5545 1313
5546 1430
5547 1349
5548 1579
5549 1666
5550 1533
5551 489
5552 717
5553 1963
5554 910
5555 585
5556 600
5557 1756
5558 2291
5559 570
5560 1600
5561 2790
5562 1194
5563 1688
5564 919
5565 1947
5566 1243
5567 1954
5568 1654
5569 1859
5570 3063
5571 1590
5572 1689
5573 1145
5574 1747
5575 1330
5576 1131
5577 626
5578 1294
5579 634
5580 1459
5581 652
5582 1887
5583 2617
5584 1810
5585 1973
5586 1538
5587 1460
5588 2206
5589 1737
5590 1773
5591 810
5592 1649
5593 975
5594 2554
5595 2141
5596 1474
5597 3002
5598 1769
5599 1464
5600 1749
5601 2478
5602 1082
5603 1022
5604 1870
5605 1079
5606 1055
5607 1957
5608 2384
5609 1053
5610 1656
5611 1901
5612 2796
5613 2324
5614 2594
5615 1976
5616 2225
5617 953
5618 2817
5619 1817
5620 2257
5621 2006
5622 2833
5623 2009
5624 2197
5625 2233
5626 1314
5627 2738
5628 3325
5629 737
5630 2267
5631 1817
5632 2561
5633 848
5634 2657
5635 690
5636 885
5637 2740
5638 2286
5639 2017
5640 1843
5641 2055
5642 2476
5643 3837
5644 982
5645 746
5646 2902
5647 1311
5648 2920
5649 2851
5650 3141
5651 2031
5652 2700
5653 829
5654 2067
5655 786
5656 3091
5657 3376
5658 873
5659 2107
5660 3046
5661 2035
5662 1734
5663 2610
5664 1743
5665 666
5666 2866
5667 1887
5668 2083
5669 3277
5670 1642
5671 1758
5672 2131
5673 1874
5674 826
5675 1759
5676 1489
5677 1911
5678 2040
5679 2426
5680 3025
5681 1811
5682 2114
5683 922
5684 561
5685 1267
5686 776
5687 757
5688 983
5689 3137
5690 1021
5691 1111
5692 666
5693 3525
5694 3181
5695 3217
5696 2751
5697 655
5698 838
5699 774
5700 1705
5701 1580
5702 3297
5703 3023
5704 807
5705 1378
5706 1441
5707 762
5708 2348
5709 1029
5710 760
5711 1473
5712 1596
5713 779
5714 897
5715 710
5716 2982
5717 1631
5718 3208
5719 845
5720 1882
5721 2354
5722 1841
5723 854
5724 1017
5725 876
5726 2981
5727 1006
5728 1371
5729 1996
5730 3819
5731 2563
5732 859
5733 1928
5734 2042
5735 923
5736 1882
5737 947
5738 1770
5739 1107
5740 3007
5741 1836
5742 649
5743 662
5744 1416
5745 758
5746 2210
5747 2418
5748 919
5749 1753
5750 2155
5751 941
5752 2002
5753 1561
5754 775
5755 2080
5756 899
5757 2232
5758 3029
5759 2373
5760 860
5761 1140
5762 2454
5763 3067
5764 655
5765 1938
5766 1910
5767 664
5768 3651
5769 724
5770 1404
5771 2349
5772 1119
5773 1302
5774 1146
5775 1311
5776 2424
5777 767
5778 552
5779 1930
5780 2402
5781 2500
5782 1494
5783 1605
5784 2090
5785 1752
5786 705
5787 758
5788 3039
5789 837
5790 959
5791 805
5792 656
5793 1747
5794 2110
5795 1468
5796 730
5797 1123
5798 1794
5799 2570
5800 3101
5801 5102
5802 4187
5803 2461
5804 3256
5805 2886
5806 3554
5807 2871
5808 2196
5809 3501
5810 2384
5811 792
5812 1157
5813 1152
5814 958
5815 2015
5816 2989
5817 838
5818 840
5819 1011
5820 2315
5821 938
5822 2149
5823 1028
5824 2233
5825 1080
5826 785
5827 1044
5828 809
5829 813
5830 1667
5831 880
5832 723
5833 882
5834 1860
5835 2100
5836 700
5837 3302
5838 3159
5839 4046
5840 2958
5841 3053
5842 1406
5843 2393
5844 727
5845 853
5846 1412
5847 2626
5848 1165
5849 662
5850 2214
5851 1447
5852 669
5853 1920
5854 1863
5855 1294
5856 1712
5857 582
5858 2810
5859 1035
5860 663
5861 1284
5862 2734
5863 1139
5864 607
5865 1969
5866 1514
5867 1312
5868 2404
5869 2518
5870 2119
5871 3099
5872 1692
5873 2166
5874 1447
5875 1803
5876 842
5877 2911
5878 1582
5879 2460
5880 1649
5881 2704
5882 1437
5883 1823
5884 1451
5885 935
5886 895
5887 1565
5888 2304
5889 1836
5890 1258
5891 2490
5892 2642
5893 2512
5894 2774
5895 2706
5896 2754
5897 1891
5898 3861
5899 2789
5900 2256
5901 2777
5902 2290
5903 2998
5904 2016
5905 2586
5906 1080
5907 2705
5908 928
5909 3363
5910 2440
5911 1658
5912 1080
5913 935
5914 2372
5915 2693
5916 3488
5917 2112
5918 1233
5919 2314
5920 892
5921 1985
5922 967
5923 2013
5924 2943
5925 2323
5926 1147
5927 2686
5928 2883
5929 3245
5930 2533
5931 2246
5932 2742
5933 427
5934 2474
5935 2832
5936 2822
5937 3399
5938 2709
5939 1752
5940 2763
5941 2823
5942 2564
5943 2296
5944 1819
5945 1951
5946 2727
5947 2415
5948 926
5949 3015
5950 2327
5951 975
5952 1263
5953 813
5954 2427
5955 2279
5956 1001
5957 2442
5958 4492
5959 2782
5960 1707
5961 1583
5962 1419
5963 713
5964 740
5965 1622
5966 1516
5967 780
5968 2237
5969 3712
5970 1719
5971 2701
5972 2205
5973 1647
5974 796
5975 1676
5976 662
5977 723
5978 685
5979 1775
5980 785
5981 798
5982 781
5983 1732
5984 1971
5985 2047
5986 1944
5987 1135
5988 1857
5989 832
5990 686
5991 843
5992 791
5993 910
5994 648
5995 753
5996 679
5997 864
5998 2323
5999 2168
6000 1725
6001 724
6002 734
6003 1909
6004 4192
6005 1020
6006 1773
6007 995
6008 2534
6009 880
6010 2029
6011 1971
6012 901
6013 1728
6014 782
6015 780
6016 873
6017 736
6018 820
6019 1241
6020 1725
6021 1634
6022 1594
6023 2669
6024 1516
6025 838
6026 659
6027 839
6028 5086
6029 1338
6030 697
6031 2360
6032 2006
6033 1880
6034 1912
6035 628
6036 807
6037 681
6038 1472
6039 528
6040 2586
6041 1605
6042 604
6043 620
6044 1046
6045 3041
6046 560
6047 1857
6048 749
6049 788
6050 475
6051 1701
6052 1831
6053 4477
6054 2723
6055 3917
6056 1720
6057 3471
6058 1423
6059 1620
6060 2713
6061 1659
6062 1766
6063 2513
6064 842
6065 2358
6066 2296
6067 3865
6068 1573
6069 1347
6070 1556
6071 2939
6072 2707
6073 4321
6074 1797
6075 642
6076 1466
6077 1557
6078 939
6079 2184
6080 3995
6081 1931
6082 702
6083 2243
6084 2145
6085 971
6086 3283
6087 2974
6088 2228
6089 1289
6090 1916
6091 2680
6092 838
6093 2967
6094 3555
6095 1196
6096 1415
6097 2182
6098 1023
6099 2436
6100 1634
6101 3329
6102 2797
6103 1966
6104 2767
6105 752
6106 2644
6107 1660
6108 2340
6109 2655
6110 767
6111 1794
6112 3536
6113 812
6114 2652
6115 2224
6116 2004
6117 1651
6118 1708
6119 3432
6120 2283
6121 2181
6122 1785
6123 1724
6124 2558
6125 2476
6126 3178
6127 713
6128 3248
6129 746
6130 1518
6131 1802
6132 2691
6133 1129
6134 712
6135 1073
6136 3080
6137 738
6138 1709
6139 472
6140 5568
6141 910
6142 4722
6143 3854
6144 932
6145 3352
6146 1113
6147 3304
6148 987
6149 1797
6150 1605
6151 2195
6152 2734
6153 4612
6154 1956
6155 3955
6156 3535
6157 1832
6158 1574
6159 2276
6160 705
6161 2033
6162 2010
6163 667
6164 1683
6165 1704
6166 926
6167 1914
6168 2912
6169 1486
6170 1736
6171 2634
6172 3344
6173 1691
6174 593
6175 730
6176 672
6177 846
6178 3323
6179 3673
6180 830
6181 3517
6182 881
6183 2448
6184 2532
6185 642
6186 1664
6187 2691
6188 2614
6189 2631
6190 2209
6191 2988
6192 2831
6193 2469
6194 2917
6195 2594
6196 2619
6197 2771
6198 3007
6199 1914
6200 3199
6201 2948
6202 3119
6203 1757
6204 1873
6205 2295
6206 1772
6207 2390
6208 3185
6209 2868
6210 2515
6211 2179
6212 2320
6213 1111
6214 3084
6215 2776
6216 2985
6217 2417
6218 2565
6219 2807
6220 2607
6221 2222
6222 2979
6223 2656
6224 1479
6225 1856
6226 2446
6227 2664
6228 2448
6229 2233
6230 2217
6231 3568
6232 3131
6233 3757
6234 3258
6235 2531
6236 3564
6237 3044
6238 2725
6239 3926
6240 3042
6241 3467
6242 3534
6243 2813
6244 2473
6245 1629
6246 1426
6247 2653
6248 2603
6249 558
6250 1528
6251 598
6252 1599
6253 724
6254 855
6255 1841
6256 836
6257 807
6258 687
6259 1581
6260 1854
6261 1881
6262 4581
6263 2070
6264 870
6265 820
6266 881
6267 1807
6268 888
6269 746
6270 832
6271 2200
6272 988
6273 908
6274 849
6275 645
6276 742
6277 657
6278 1000
6279 789
6280 819
6281 3577
6282 3282
6283 2510
6284 2677
6285 891
6286 824
6287 946
6288 2427
6289 1991
6290 1388
6291 869
6292 1551
6293 663
6294 678
6295 739
6296 2225
6297 1943
6298 2402
6299 2038
6300 541
6301 785
6302 2406
6303 2207
6304 1670
6305 680
6306 1825
6307 1795
6308 2075
6309 650
6310 1679
6311 2649
6312 1270
6313 1582
6314 902
6315 1410
6316 1951
6317 1445
6318 1423
6319 2337
6320 1884
6321 2080
6322 2419
6323 2234
6324 1215
6325 496
6326 2096
6327 589
6328 655
6329 604
6330 2027
6331 2034
6332 2384
6333 2017
6334 586
6335 1376
6336 3257
6337 3368
6338 3170
6339 3227
6340 3030
6341 2671
6342 2763
6343 3490
6344 3461
6345 4441
6346 1667
6347 1553
6348 728
6349 715
6350 1512
6351 3624
6352 847
6353 1880
6354 723
6355 1893
6356 783
6357 1817
6358 2027
6359 2569
6360 3326
6361 623
6362 4635
6363 2819
6364 3835
6365 3222
6366 3442
6367 3739
6368 3973
6369 3700
6370 3371
6371 4121
6372 3301
6373 2545
6374 2926
6375 840
6376 890
6377 1112
6378 3042
6379 769
6380 1520
6381 2629
6382 1391
6383 2017
6384 1444
6385 1789
6386 712
6387 752
6388 2149
6389 2035
6390 2336
6391 2444
6392 2181
6393 2494
6394 2584
6395 2735
6396 2872
6397 2990
6398 2537
6399 2036
6400 671
6401 2660
6402 2646
6403 2197
6404 2187
6405 1083
6406 961
6407 3423
6408 3828
6409 3601
6410 1028
6411 2858
6412 846
6413 3816
6414 4549
6415 2314
6416 2679
6417 3050
6418 5325
6419 3912
6420 4454
6421 1629
6422 1572
6423 1676
6424 1727
6425 1644
6426 1548
6427 1882
6428 1751
6429 1693
6430 1701
6431 1447
6432 1461
6433 1796
6434 2145
6435 1432
6436 1432
6437 2820
6438 1515
6439 3369
6440 1779
6441 3445
6442 2600
6443 2130
6444 1708
6445 1606
6446 1184
6447 861
6448 2243
6449 2354
6450 2151
6451 1638
6452 2523
6453 2412
6454 559
6455 3198
6456 3950
6457 3708
6458 3136
6459 4073
6460 611
6461 2004
6462 2702
6463 2080
6464 1193
6465 1486
6466 3543
6467 3925
6468 1393
6469 2866
6470 3112
6471 2183
6472 2569
6473 1556
6474 1733
6475 2839
6476 2772
6477 3782
6478 1979
6479 1088
6480 2242
6481 2706
6482 3157
6483 1003
6484 1082
6485 4638
6486 2241
6487 2551
6488 2392
6489 1161
6490 1112
6491 2638
6492 2127
6493 2177
6494 2177
6495 2111
6496 2599
6497 2191
6498 2978
6499 2041
6500 2643
6501 2423
6502 2142
6503 1950
6504 2410
6505 3025
6506 2707
6507 2648
6508 2350
6509 2878
6510 2794
6511 1926
6512 3028
6513 2703
6514 3959
6515 1107
6516 1700
6517 2630
6518 700
6519 3008
6520 3150
6521 3116
6522 2493
6523 3172
6524 3004
6525 2513
6526 2787
6527 3359
6528 3116
6529 2779
6530 3423
6531 3656
6532 1062
6533 2677
6534 3348
6535 3658
6536 1906
6537 3634
6538 3226
6539 2310
6540 2139
6541 2695
6542 2082
6543 2504
6544 2054
6545 3968
6546 2451
6547 2916
6548 2638
6549 2097
6550 1464
6551 3308
6552 2114
6553 4527
6554 2047
6555 1511
6556 3506
6557 2761
6558 694
6559 1925
6560 3269
6561 3655
6562 2750
6563 2191
6564 1601
6565 766
6566 1047
6567 680
6568 691
6569 742
6570 938
6571 1845
6572 647
6573 876
6574 1030
6575 682
6576 1886
6577 2786
6578 1031
6579 2837
6580 2894
6581 1884
6582 2321
6583 3039
6584 1145
6585 3808
6586 3514
6587 3716
6588 2496
6589 792
6590 1884
6591 2747
6592 1942
6593 1595
6594 1775
6595 1849
6596 1663
6597 890
6598 1674
6599 2260
6600 1753
6601 2004
6602 2364
6603 1156
6604 814
6605 1078
6606 834
6607 1846
6608 2143
6609 810
6610 936
6611 1146
6612 641
6613 1263
6614 1952
6615 1550
6616 649
6617 1405
6618 686
6619 2223
6620 640
6621 574
6622 648
6623 2146
6624 1303
6625 1260
6626 3422
6627 2352
6628 2200
6629 3283
6630 2865
6631 2308
6632 2267
6633 2886
6634 2797
6635 1062
6636 2426
6637 1035
6638 968
6639 1066
6640 1445
6641 920
6642 923
6643 1062
6644 2131
6645 2299
6646 1881
6647 2163
6648 959
6649 817
6650 2087
6651 2136
6652 1945
6653 1565
6654 2681
6655 2210
6656 940
6657 2301
6658 2244
6659 1455
6660 778
6661 686
6662 3706
6663 2419
6664 2588
6665 1821
6666 930
6667 834
6668 1659
6669 2039
6670 893
6671 838
6672 670
6673 914
6674 1719
6675 810
6676 1527
6677 1562
6678 854
6679 2133
6680 1341
6681 789
6682 2880
6683 673
6684 1113
6685 1247
6686 848
6687 821
6688 4214
6689 2984
6690 3000
6691 2376
6692 2204
6693 3862
6694 3381
6695 5068
6696 2491
6697 3180
6698 4131
6699 3808
6700 3523
6701 2526
6702 2707
6703 2829
6704 3154
6705 1794
6706 2549
6707 2213
6708 2238
6709 2162
6710 2120
6711 1922
6712 1766
6713 706
6714 1593
6715 842
6716 2360
6717 1928
6718 1618
6719 1757
6720 2437
6721 2561
6722 1975
6723 1488
6724 749
6725 2033
6726 2223
6727 1450
6728 2022
6729 2143
6730 752
6731 2387
6732 2312
6733 539
6734 651
6735 1681
6736 1445
6737 2503
6738 1475
6739 1329
6740 638
6741 1416
6742 1498
6743 1673
6744 1860
6745 1976
6746 1598
6747 1649
6748 1684
6749 1796
6750 1664
6751 1474
6752 1727
6753 2206
6754 2056
6755 2444
6756 2500
6757 1613
6758 1730
6759 605
6760 1568
6761 1179
6762 3440
6763 3785
6764 2575
6765 2506
6766 2139
6767 3217
6768 2279
6769 4595
6770 4236
6771 998
6772 2422
6773 3348
6774 1430
6775 1917
6776 2052
6777 2526
6778 2180
6779 1705
6780 1317
6781 1399
6782 1511
6783 1568
6784 1315
6785 1239
6786 1347
6787 1202
6788 1558
6789 1609
6790 1638
6791 1371
6792 1389
6793 1617
6794 1515
6795 3617
6796 3142
6797 3239
6798 3090
6799 2436
6800 2204
6801 1612
6802 1811
6803 1562
6804 1447
6805 1590
6806 1433
6807 1305
6808 1649
6809 1993
6810 2846
6811 1580
6812 1770
6813 911
6814 966
6815 1776
6816 2334
6817 27
6818 1497
6819 1410
6820 1596
6821 2356
6822 27
6823 1407
6824 1586
6825 1437
6826 1670
6827 24
6828 971
6829 1359
6830 1875
6831 1781
6832 618
6833 1406
6834 1477
6835 1665
6836 1499
6837 1654
6838 1504
6839 853
6840 1537
6841 1404
6842 1795
6843 1461
6844 1633
6845 1595
6846 1280
6847 1476
6848 1698
6849 1595
6850 1673
6851 826
6852 1745
6853 1547
6854 1224
6855 1387
6856 1344
6857 1212
6858 1488
6859 1239
6860 1193
6861 1692
6862 1161
6863 1633
6864 1500
6865 1609
6866 1964
6867 1817
6868 1140
6869 1889
6870 1024
6871 1381
6872 1783
6873 1870
6874 2161
6875 1800
6876 2007
6877 1485
6878 3412
6879 1483
6880 98
6881 2415
6882 2272
6883 1754
6884 1144
6885 1435
6886 2147
6887 1673
6888 1892
6889 1829
6890 1977
6891 1876
6892 1233
6893 1540
6894 1823
6895 1422
6896 2224
6897 2077
6898 4954
6899 2053
6900 1124
6901 1778
6902 2665
6903 2755
6904 1957
6905 1308
6906 1473
6907 1746
6908 1521
6909 986
6910 2810
6911 1622
6912 2394
6913 1025
6914 1687
6915 1147
6916 1474
6917 2019
6918 1287
6919 1504
6920 1348
6921 1405
6922 1428
6923 1459
6924 1257
6925 1505
6926 1826
6927 966
6928 1702
6929 1404
6930 1722
6931 3551
6932 1673
6933 3529
6934 2995
6935 1811
6936 1930
6937 1350
6938 2859
6939 1677
6940 923
6941 1692
6942 2393
6943 1023
6944 1506
6945 2098
6946 1339
6947 1545
6948 3140
6949 938
6950 1576
6951 1746
6952 1717
6953 1689
6954 3656
6955 940
6956 1602
6957 1679
6958 1448
6959 1424
6960 2441
6961 1901
6962 1338
6963 1564
6964 1374
6965 3892
6966 2714
6967 2445
6968 1684
6969 1777
6970 1841
6971 1642
6972 2786
6973 2035
6974 2556
6975 1731
6976 2648
6977 1653
6978 1511
6979 1607
6980 1887
6981 2726
6982 1506
6983 1292
6984 1379
6985 817
6986 1631
6987 1941
6988 1654
6989 1748
6990 2941
6991 2638
6992 1735
6993 1447
6994 1209
6995 1424
6996 2806
6997 1013
6998 2000
6999 1468
7000 1551
7001 2097
7002 3612
7003 809
7004 1967
7005 2161
7006 1191
7007 1689
7008 5090
7009 1093
7010 1487
7011 2318
7012 1785
7013 1511
7014 2410
7015 912
7016 2021
7017 1188
7018 2623
7019 1769
7020 2058
7021 694
7022 1676
7023 2895
7024 1703
7025 2740
7026 2238
7027 2826
7028 1688
7029 1675
7030 1553
7031 1919
7032 2054
7033 1567
7034 2507
7035 2153
7036 1032
7037 1842
7038 2280
7039 2554
7040 1550
7041 1505
7042 1021
7043 2006
7044 1423
7045 2790
7046 2015
7047 1775
7048 1332
7049 1431
7050 3117
7051 3295
7052 1922
7053 1903
7054 1298
7055 2389
7056 864
7057 4120
7058 2438
7059 1673
7060 1599
7061 1535
7062 1853
7063 3098
7064 2780
7065 1655
7066 1568
7067 1350
7068 1282
7069 2096
7070 1536
7071 1871
7072 1540
7073 2081
7074 834
7075 1455
7076 1726
7077 1838
7078 1625
7079 1152
7080 1473
7081 1221
7082 1950
7083 1443
7084 1430
7085 1422
7086 1439
7087 1950
7088 1572
7089 1723
7090 1489
7091 1719
7092 1818
7093 2003
7094 1620
7095 1614
7096 1998
7097 1810
7098 1640
7099 1831
7100 1920
7101 1519
7102 1522
7103 1471
7104 1758
7105 1173
7106 1603
7107 1660
7108 2906
7109 2862
7110 1558
7111 1860
7112 1346
7113 1212
7114 1151
7115 1596
7116 1644
7117 1237
7118 1636
7119 1284
7120 1208
7121 1538
7122 1756
7123 1204
7124 1276
7125 1299
7126 1174
7127 1707
7128 1714
7129 1893
7130 1282
7131 2248
7132 1753
7133 2158
7134 1963
7135 1582
7136 1774
7137 1661
7138 1821
7139 3606
7140 1594
7141 1512
7142 2029
7143 1864
7144 1948
7145 1588
7146 3496
7147 2430
7148 2563
7149 3109
7150 2393
7151 1645
7152 850
7153 3137
7154 700
7155 1811
7156 767
7157 1018
7158 1529
7159 771
7160 1322
7161 2931
7162 2436
7163 3192
7164 2736
7165 2974
7166 2707
7167 2485
7168 2656
7169 3028
7170 2576
7171 3909
7172 3305
7173 2576
7174 2837
7175 3751
7176 2905
7177 2937
7178 3187
7179 3129
7180 3336
7181 3352
7182 2366
7183 2832
7184 2717
7185 3645
7186 2667
7187 3693
7188 3284
7189 2599
7190 3254
7191 3811
7192 3189
7193 3381
7194 2389
7195 2772
7196 3411
7197 2720
7198 3400
7199 3283
7200 4117
7201 1504
7202 2309
7203 2445
7204 1522
7205 3709
7206 2763
7207 1285
7208 3256
7209 3063
7210 2622
7211 1373
7212 3554
7213 1905
7214 4806
7215 2539
7216 3804
7217 1567
7218 1496
7219 3490
7220 1241
7221 2413
7222 4857
7223 3994
7224 2747
7225 2272
7226 1253
7227 797
7228 2651
7229 1549
7230 1641
7231 2084
7232 3593
7233 753
7234 2427
7235 1637
7236 3534
7237 880
7238 2735
7239 1223
7240 903
7241 1648
7242 531
7243 1244
7244 2086
7245 1051
7246 2599
7247 742
7248 2925
7249 931
7250 3728
7251 630
7252 635
7253 7501
7254 7465
7255 6022
7256 6690
7257 6638
7258 734
7259 3143
7260 1553
7261 798
7262 1546
7263 1567
7264 1860
7265 614
7266 644
7267 516
7268 659
7269 1677
7270 2067
7271 1253
7272 1556
7273 1316
7274 1456
7275 2439
7276 1794
7277 2351
7278 2652
7279 1587
7280 2092
7281 1924
7282 2521
7283 3135
7284 4082
7285 3318
7286 1273
7287 772
7288 1558
7289 1484
7290 1513
7291 4464
7292 813
7293 2854
7294 3612
7295 1825
7296 726
7297 4835
7298 1565
7299 4783
7300 1709
7301 2741
7302 2099
7303 3362
7304 4004
7305 2203
7306 2245
7307 1961
7308 2847
7309 2674
7310 665
7311 4607
7312 2173
7313 5013
7314 2091
7315 3610
7316 3328
7317 1272
7318 4357
7319 1562
7320 1897
7321 2424
7322 1375
7323 1911
7324 1120
7325 1890
7326 1414
7327 2872
7328 2056
7329 2119
7330 2187
7331 4056
7332 2343
7333 1343
7334 3106
7335 5683
7336 4257
7337 1136
7338 989
7339 1781
7340 4397
7341 1525
7342 3480
7343 1807
7344 3661
7345 1684
7346 1284
7347 5197
7348 5207
7349 2164
7350 6000
7351 1946
7352 1968
7353 4944
7354 4445
7355 3236
7356 1745
7357 1245
7358 3735
7359 2052
7360 4046
7361 1430
7362 3659
7363 5043
7364 1012
7365 4037
7366 3538
7367 802
7368 1499
7369 4080
7370 3557
7371 838
7372 1539
7373 2094
7374 1623
7375 2106
7376 757
7377 3265
7378 6691
7379 3229
7380 4879
7381 1868
7382 2028
7383 2396
7384 1983
7385 2322
7386 2289
7387 2039
7388 1766
7389 1797
7390 2144
7391 2593
7392 2395
7393 1832
7394 6352
7395 3496
7396 3637
7397 1598
7398 3288
7399 1898
7400 1093
7401 2058
7402 2139
7403 1720
7404 3223
7405 2131
7406 1877
7407 1154
7408 6066
7409 5898
7410 1622
7411 3340
7412 3489
7413 3183
7414 2812
7415 3279
7416 1277
7417 1875
7418 1986
7419 1626
7420 1805
7421 1584
7422 1472
7423 2003
7424 2005
7425 1528
7426 1699
7427 3721
7428 3801
7429 1522
7430 2039
7431 5374
7432 2645
7433 1670
7434 3209
7435 5684
7436 1675
7437 3610
7438 2021
7439 1416
7440 3473
7441 2429
7442 1418
7443 1648
7444 3614
7445 3426
7446 3339
7447 2079
7448 4398
7449 5433
7450 1311
7451 1740
7452 1532
7453 2158
7454 2323
7455 1686
7456 2365
7457 1817
7458 1714
7459 2731
7460 2666
7461 2011
7462 2706
7463 2118
7464 2015
7465 3414
7466 2707
7467 2976
7468 3897
7469 1816
7470 2833
7471 1420
7472 1761
7473 3215
7474 5481
7475 1708
7476 2074
7477 3320
7478 5415
7479 4147
7480 1738
7481 5747
7482 1595
7483 4096
7484 1978
7485 2869
7486 3052
7487 2105
7488 1142
7489 4366
7490 2034
7491 2051
7492 3375
7493 3343
7494 1981
7495 1901
7496 2117
7497 3540
7498 1911
7499 3870
7500 4740
7501 3450
7502 1724
7503 2082
7504 6648
7505 6517
7506 1187
7507 3003
7508 2227
7509 1544
7510 1334
7511 3334
7512 649
7513 1690
7514 1489
7515 832
7516 1345
7517 3110
7518 1038
7519 1687
7520 1616
7521 1397
7522 1584
7523 1820
7524 1266
7525 1525
7526 1870
7527 939
7528 1629
7529 1687
7530 700
7531 2041
7532 3644
7533 1587
7534 2680
7535 3527
7536 991
7537 2031
7538 1447
7539 1379
7540 2054
7541 2896
7542 1440
7543 1265
7544 1489
7545 1283
7546 1322
7547 1165
7548 1553
7549 1228
7550 1019
7551 1379
7552 1245
7553 925
7554 784
7555 927
7556 763
7557 1035
7558 1371
7559 1108
7560 2428
7561 1725
7562 2371
7563 3148
7564 2229
7565 2228
7566 1903
7567 2357
7568 2445
7569 1739
7570 1727
7571 1498
7572 1741
7573 2071
7574 4589
7575 1732
7576 1407
7577 2125
7578 2564
7579 1854
7580 1843
7581 1806
7582 1724
7583 1807
7584 1608
7585 1866
7586 1997
7587 2025
7588 2197
7589 1434
7590 1477
7591 2013
7592 1797
7593 2827
7594 1267
7595 1529
7596 1359
7597 1646
7598 1391
7599 4903
7600 6638
7601 651
7602 436
7603 282
7604 714
7605 297
7606 417
7607 541
7608 401
7609 468
7610 673
7611 682
7612 402
7613 354
7614 410
7615 484
7616 431
7617 406
7618 246
7619 926
7620 279
7621 666
7622 646
7623 597
7624 527
7625 492
7626 555
7627 289
7628 246
7629 772
7630 448
7631 346
7632 469
7633 390
7634 781
7635 267
7636 757
7637 722
7638 809
7639 817
7640 890
7641 403
7642 426
7643 949
7644 716
7645 710
7646 908
7647 936
7648 638
7649 643
7650 538
7651 407
7652 760
7653 836
7654 5069
7655 663
7656 983
7657 937
7658 1494
7659 1313
7660 1194
7661 796
7662 820
7663 1026
7664 548
7665 1820
7666 807
7667 1269
7668 1220
7669 1217
7670 845
7671 649
7672 511
7673 277
7674 336
7675 457
7676 684
7677 392
7678 959
7679 303
7680 779
7681 483
7682 965
7683 715
7684 307
7685 724
7686 423
7687 466
7688 639
7689 708
7690 802
7691 482
7692 541
7693 685
7694 1023
7695 369
7696 345
7697 255
7698 431
7699 373
7700 734
7701 611
7702 774
7703 635
7704 354
7705 888
7706 1217
7707 2007
7708 808
7709 657
7710 709
7711 690
7712 960
7713 503
7714 1223
7715 692
7716 2409
7717 395
7718 1160
7719 1286
7720 1824
7721 604
7722 790
7723 764
7724 1034
7725 604
7726 1677
7727 705
7728 4265
7729 794
7730 953
7731 631
7732 2324
7733 883
7734 4819
7735 1401
7736 1224
7737 492
7738 1954
7739 4856
7740 4503
7741 1582
7742 3002
7743 1726
7744 1731
7745 2030
7746 2338
7747 1963
7748 1986
7749 1834
7750 2531
7751 2594
7752 2046
7753 1819
7754 1723
7755 4335
7756 1811
7757 2600
7758 2063
7759 1524
7760 847
7761 874
7762 1233
7763 1250
7764 1224
7765 1130
7766 1196
7767 1255
7768 1500
7769 1223
7770 1492
7771 1216
7772 1344
7773 1173
7774 1074
7775 1073
7776 1114
7777 1150
7778 874
7779 1088
7780 1111
7781 1185
7782 765
7783 905
7784 415
7785 1359
7786 1045
7787 632
7788 1164
7789 1347
7790 649
7791 1867
7792 1160
7793 875
7794 1038
7795 833
7796 844
7797 1072
7798 1168
7799 358
7800 242
7801 716
7802 859
7803 1311
7804 591
7805 952
7806 617
7807 908
7808 659
7809 414
7810 731
7811 676
7812 677
7813 537
7814 1635
7815 1444
7816 700
7817 520
7818 1313
7819 1430
7820 1598
7821 1296
7822 475
7823 1941
7824 548
7825 2364
7826 478
7827 814
7828 643
7829 966
7830 663
7831 1285
7832 676
7833 1015
7834 1160
7835 2255
7836 702
7837 408
7838 530
7839 481
7840 867
7841 803
7842 831
7843 1940
7844 1088
7845 829
7846 588
7847 584
7848 572
7849 586
7850 648
7851 516
7852 454
7853 565
7854 876
7855 644
7856 400
7857 421
7858 454
7859 667
7860 485
7861 1086
7862 375
7863 691
7864 657
7865 739
7866 483
7867 312
7868 420
7869 443
7870 772
7871 323
7872 724
7873 524
7874 884
7875 821
7876 267
7877 402
7878 479
7879 765
7880 211
7881 484
7882 707
7883 599
7884 451
7885 257
7886 1302
7887 1506
7888 1468
7889 1007
7890 1224
7891 692
7892 1484
7893 2998
7894 1145
7895 690
7896 1597
7897 983
7898 1893
7899 1169
7900 680
7901 2050
7902 2083
7903 1275
7904 3248
7905 640
7906 1279
7907 1931
7908 647
7909 652
7910 2798
7911 691
7912 1670
7913 2151
7914 580
7915 1607
7916 988
7917 582
7918 1730
7919 1233
7920 868
7921 837
7922 971
7923 678
7924 585
7925 921
7926 1179
7927 943
7928 1129
7929 1623
7930 1854
7931 701
7932 948
7933 2688
7934 2067
7935 1687
7936 2514
7937 814
7938 737
7939 1203
7940 1221
7941 784
7942 786
7943 997
7944 1785
7945 851
7946 1481
7947 2721
7948 1851
7949 1255
7950 2003
7951 607
7952 989
7953 696
7954 1316
7955 2564
7956 2576
7957 993
7958 2507
7959 589
7960 779
7961 1732
7962 1238
7963 1620
7964 1113
7965 470
7966 721
7967 923
7968 736
7969 1643
7970 1777
7971 2839
7972 1685
7973 1477
7974 1527
7975 784
7976 845
7977 301
7978 351
7979 325
7980 654
7981 332
7982 266
7983 1559
7984 566
7985 714
7986 641
7987 551
7988 627
7989 1328
7990 1216
7991 855
7992 1159
7993 716
7994 1153
7995 1269
7996 915
7997 1389
7998 955
7999 803
8000 1931
8001 905
8002 1937
8003 680
8004 869
8005 6906
8006 3177
8007 1064
8008 1534
8009 1322
8010 3681
8011 1149
8012 842
8013 2134
8014 2503
8015 2766
8016 4853
8017 2208
8018 2409
8019 5273
8020 329
8021 1084
8022 2099
8023 2083
8024 548
8025 896
8026 953
8027 2689
8028 695
8029 1036
8030 955
8031 2452
8032 765
8033 2314
8034 640
8035 1635
8036 1473
8037 987
8038 1182
8039 720
8040 429
8041 786
8042 1209
8043 315
8044 1150
8045 645
8046 966
8047 378
8048 446
8049 1247
8050 2286
8051 1260
8052 1796
8053 377
8054 431
8055 1349
8056 739
8057 555
8058 663
8059 656
8060 2346
8061 646
8062 865
8063 1758
8064 663
8065 1081
8066 438
8067 2132
8068 888
8069 918
8070 411
8071 652
8072 1913
8073 2063
8074 741
8075 2299
8076 605
8077 503
8078 527
8079 447
8080 545
8081 508
8082 388
8083 403
8084 515
8085 740
8086 549
8087 636
8088 673
8089 295
8090 499
8091 612
8092 657
8093 768
8094 368
8095 344
8096 705
8097 584
8098 369
8099 523
8100 489
8101 650
8102 885
8103 991
8104 1073
8105 606
8106 864
8107 483
8108 269
8109 522
8110 674
8111 424
8112 923
8113 561
8114 824
8115 718
8116 734
8117 764
8118 874
8119 989
8120 2007
8121 716
8122 1758
8123 987
8124 1905
8125 541
8126 3388
8127 1000
8128 946
8129 886
8130 496
8131 511
8132 1341
8133 639
8134 3996
8135 282
8136 2291
8137 1480
8138 1347
8139 1517
8140 1732
8141 2615
8142 1301
8143 1264
8144 1094
8145 1780
8146 1975
8147 1160
8148 2543
8149 2701
8150 1525
8151 1334
8152 1671
8153 1868
8154 1903
8155 3088
8156 2503
8157 1175
8158 2201
8159 2392
8160 928
8161 2070
8162 3905
8163 3354
8164 1270
8165 871
8166 711
8167 1931
8168 1417
8169 1671
8170 2378
8171 1533
8172 715
8173 2965
8174 720
8175 1536
8176 2062
8177 1611
8178 1351
8179 1602
8180 761
8181 870
8182 782
8183 278
8184 360
8185 1851
8186 886
8187 1919
8188 2410
8189 680
8190 2787
8191 541
8192 613
8193 1970
8194 847
8195 842
8196 2880
8197 533
8198 2136
8199 923
8200 927
8201 563
8202 1718
8203 1858
8204 588
8205 1011
8206 821
8207 329
8208 822
8209 1836
8210 1046
8211 2479
8212 297
8213 728
8214 1381
8215 1036
8216 1953
8217 1682
8218 657
8219 2309
8220 858
8221 900
8222 1057
8223 542
8224 1869
8225 466
8226 2355
8227 870
8228 1471
8229 1102
8230 3380
8231 709
8232 634
8233 1174
8234 1876
8235 303
8236 1286
8237 1382
8238 1605
8239 1654
8240 694
8241 429
8242 1125
8243 2183
8244 2125
8245 1140
8246 898
8247 1486
8248 1755
8249 1474
8250 1123
8251 959
8252 975
8253 1296
8254 1527
8255 2161
8256 2676
8257 732
8258 815
8259 1049
8260 1375
8261 1750
8262 1857
8263 1906
8264 761
8265 1134
8266 2193
8267 571
8268 1796
8269 1320
8270 1629
8271 1516
8272 1655
8273 891
8274 1983
8275 1203
8276 1131
8277 1200
8278 646
8279 1265
8280 978
8281 902
8282 1138
8283 1104
8284 2756
8285 670
8286 859
8287 1385
8288 2456
8289 2308
8290 4144
8291 1888
8292 999
8293 624
8294 625
8295 984
8296 922
8297 1085
8298 859
8299 1409
8300 1013
8301 546
8302 830
8303 945
8304 1450
8305 819
8306 1085
8307 2486
8308 5240
8309 2727
8310 5069
8311 3241
8312 1728
8313 1081
8314 1706
8315 1097
8316 2205
8317 1101
8318 850
8319 1720
8320 2436
8321 2391
8322 6319
8323 468
8324 772
8325 501
8326 533
8327 537
8328 440
8329 768
8330 422
8331 569
8332 757
8333 860
8334 461
8335 643
8336 812
8337 854
8338 779
8339 2528
8340 1349
8341 1734
8342 1949
8343 1416
8344 533
8345 1973
8346 532
8347 358
8348 979
8349 388
8350 1279
8351 1189
8352 671
8353 694
8354 762
8355 1894
8356 792
8357 1492
8358 1358
8359 1340
8360 1126
8361 855
8362 360
8363 837
8364 560
8365 444
8366 467
8367 344
8368 1169
8369 819
8370 998
8371 739
8372 620
8373 359
8374 814
8375 648
8376 762
8377 617
8378 1231
8379 1234
8380 626
8381 713
8382 498
8383 569
8384 1164
8385 855
8386 680
8387 315
8388 830
8389 441
8390 624
8391 537
8392 349
8393 338
8394 568
8395 777
8396 702
8397 1154
8398 865
8399 467
8400 709
8401 3870
8402 451
8403 1871
8404 4809
8405 3272
8406 6067
8407 1821
8408 940
8409 838
8410 1960
8411 984
8412 2090
8413 1512
8414 1036
8415 1815
8416 1097
8417 1042
8418 1306
8419 1424
8420 1776
8421 1080
8422 1692
8423 1294
8424 2361
8425 1709
8426 855
8427 2678
8428 1378
8429 2211
8430 4827
8431 3184
8432 2670
8433 2056
8434 1907
8435 3668
8436 2950
8437 867
8438 2061
8439 1846
8440 1255
8441 1401
8442 1658
8443 2061
8444 1642
8445 1611
8446 1580
8447 1614
8448 1532
8449 1097
8450 338
8451 632
8452 801
8453 600
8454 736
8455 444
8456 710
8457 765
8458 779
8459 653
8460 853
8461 602
8462 266
8463 2147
8464 739
8465 721
8466 3338
8467 2952
8468 2940
8469 2564
8470 3236
8471 3331
8472 2541
8473 1695
8474 4721
8475 1119
8476 3184
8477 2786
8478 2213
8479 2731
8480 4143
8481 3577
8482 2161
8483 2019
8484 1654
8485 2766
8486 3772
8487 5400
8488 3779
8489 6387
8490 6328
8491 2314
8492 3990
8493 4365
8494 5004
8495 2980
8496 7838
8497 5520
8498 1382
8499 3868
8500 3160
8501 7625
8502 3925
8503 6159
8504 1420
8505 5054
8506 7672
8507 2756
8508 4338
8509 5771
8510 5080
8511 6588
8512 841
8513 542
8514 402
8515 861
8516 466
8517 660
8518 646
8519 1399
8520 1484
8521 3452
8522 942
8523 309
8524 605
8525 1213
8526 5369
8527 659
8528 983
8529 1356
8530 641
8531 505
8532 2161
8533 1630
8534 2096
8535 752
8536 1050
8537 2389
8538 3058
8539 2448
8540 618
8541 701
8542 492
8543 1275
8544 771
8545 1171
8546 2591
8547 1929
8548 1014
8549 654
8550 764
8551 674
8552 655
8553 848
8554 643
8555 476
8556 712
8557 815
8558 1213
8559 871
8560 814
8561 704
8562 710
8563 763
8564 490
8565 1382
8566 571
8567 601
8568 715
8569 508
8570 504
8571 546
8572 992
8573 367
8574 836
8575 850
8576 743
8577 677
8578 772
8579 542
8580 1005
8581 1192
8582 725
8583 673
8584 754
8585 1733
8586 1175
8587 863
8588 928
