525936
389012
1280570
106764
279480
147765
368149
778367
559890
349429
208914
19245
21988
26502
210032
163943
314562
218298
263469
295530
198019
330596
300946
273558
214400
165242
216506
206810
224250
243010
212348
175795
158920
147271
266164
248919
367676
243896
238640
172334
244860
196102
218357
260383
181289
261034
180606
392819
217280
205355
216102
284527
245462
210148
301418
150459
439475
295055
282960
312298
218070
286861
248166
513238
191149
259529
191658
152788
280807
383257
260414
333423
300852
305149
282906
199525
253506
236579
467665
192402
388568
715397
315176
88610
134862
139126
178413
97851
191087
137473
142287
243586
314117
157976
152850
750738
221704
279924
644143
266989
174883
158322
248587
169035
380609
188564
245635
240715
129703
301735
185519
156064
184365
325356
377264
249490
373489
437791
212534
247814
186709
217447
132734
66829
116862
109597
93060
148599
128483
126362
74944
114115
172841
223299
134468
128645
119292
231943
55981
169518
70074
90951
84891
137015
305343
381589
492855
552663
232872
440916
501226
487589
702176
704495
390980
493484
319541
172776
346244
271030
294338
564582
1240120
510157
523814
688266
641479
379893
442318
312755
646661
705910
203138
629663
307185
640790
107711
580715
283179
498090
590233
208569
556189
1047830
505874
753618
432992
542107
