1 1
2 2
3 2
4 2
5 2
6 2
7 2
8 2
9 2
10 2
11 2
12 2
13 2
14 2
15 2
16 2
17 2
18 2
19 2
20 2
21 2
22 2
23 2
24 2
25 2
26 2
27 2
28 1
29 2
30 2
31 2
32 2
33 2
34 2
35 2
36 2
37 2
38 2
39 2
40 1
41 2
42 2
43 2
44 2
45 2
46 2
47 2
48 2
49 2
50 2
51 2
52 2
53 2
54 2
55 2
56 2
57 2
58 2
59 2
60 2
61 2
62 2
63 2
64 2
65 2
66 2
67 2
68 2
69 2
70 2
71 2
72 2
73 2
74 2
75 2
76 2
77 2
78 2
79 2
80 2
81 2
82 2
83 2
84 2
85 2
86 2
87 2
88 2
89 2
90 2
91 2
92 2
93 2
94 2
95 2
96 2
97 2
98 2
99 2
100 2
101 2
102 2
103 2
104 2
105 2
106 2
107 2
108 2
109 2
110 2
111 2
112 1
113 1
114 1
115 1
116 1
117 1
118 1
119 1
120 1
121 1
122 1
123 1
124 1
125 1
126 1
127 1
128 1
129 1
130 1
131 1
132 1
133 1
134 1
135 1
136 1
137 1
138 1
139 1
140 1
141 1
142 1
143 1
144 1
145 1
146 1
147 1
148 1
149 1
150 1
151 1
152 1
153 1
154 1
155 1
156 1
157 1
158 1
159 1
160 1
161 1
162 1
163 1
164 1
165 1
166 1
167 1
168 1
169 1
170 1
171 1
172 1
173 1
174 1
175 1
176 1
177 1
178 1
179 1
180 1
181 1
182 1
183 1
184 1
185 1
186 1
187 1
188 1
189 1
190 1
191 1
192 1
193 1
194 1
195 1
196 1
197 1
198 1
199 1
200 1
201 1
202 1
203 1
204 1
205 1
206 1
207 1
208 1
209 1
210 1
211 1
212 1
213 1
214 1
215 1
216 1
217 1
218 1
219 1
220 1
221 1
222 1
223 1
224 1
225 1
226 1
227 1
228 1
229 1
230 1
231 1
232 1
233 1
234 1
235 1
236 1
237 1
238 1
239 1
240 1
241 1
242 1
243 1
244 1
245 1
246 1
247 1
248 1
249 1
250 1
251 1
252 1
253 1
254 1
255 1
256 1
257 1
258 1
259 1
260 1
261 1
262 1
263 1
264 1
265 1
266 1
267 1
268 1
269 1
270 1
271 1
272 1
273 1
274 1
275 1
276 1
277 1
278 1
279 1
280 1
281 1
282 1
283 1
284 1
285 1
286 1
287 1
288 1
289 1
290 1
291 1
292 1
293 1
294 1
295 1
296 1
297 1
298 1
299 1
300 1
301 1
302 1
303 1
304 1
305 1
306 1
307 1
308 1
309 1
310 1
311 1
312 1
313 1
314 1
315 1
316 1
317 1
318 1
319 1
320 1
321 1
322 1
323 1
324 1
325 1
326 1
327 1
328 1
329 1
330 1
331 1
332 1
333 1
334 1
335 1
336 1
337 1
338 1
339 1
340 1
341 1
342 1
343 1
344 1
345 1
346 1
347 1
348 1
349 1
350 1
351 1
352 1
353 1
354 1
355 1
356 1
357 1
358 1
359 1
360 1
361 1
362 1
363 1
364 1
365 1
366 1
367 1
368 1
369 1
370 1
371 1
372 1
373 1
374 1
375 1
376 1
377 1
378 1
379 1
380 1
381 1
382 1
383 1
384 1
385 1
386 1
387 1
388 1
389 1
390 1
391 1
392 1
393 1
394 1
395 1
396 1
397 1
398 1
399 1
400 1
401 1
402 1
403 1
404 1
405 1
406 1
407 1
408 1
409 1
410 1
411 1
412 1
413 1
414 1
415 1
416 1
417 1
418 1
419 1
420 1
421 1
422 1
423 1
424 1
425 1
426 1
427 1
428 1
429 1
430 1
431 1
432 1
433 1
434 1
435 1
436 1
437 1
438 1
439 1
440 1
441 1
442 1
443 1
444 1
445 1
446 1
447 1
448 1
449 1
450 1
451 1
452 1
453 1
454 1
455 1
456 1
457 1
458 1
459 1
460 1
461 1
462 1
463 1
464 1
465 1
466 1
467 1
468 1
469 1
470 1
471 1
472 1
473 1
474 1
475 1
476 1
477 1
478 1
479 1
480 1
481 1
482 1
483 1
484 1
485 1
486 1
487 1
488 1
489 1
490 1
491 1
492 1
493 1
494 1
495 1
496 1
497 1
498 1
499 1
500 1
501 1
502 1
503 1
504 1
505 1
506 1
507 1
508 1
509 1
510 1
511 1
512 1
513 1
514 1
515 1
516 1
517 1
518 1
519 1
520 1
521 1
522 1
523 1
524 1
525 1
526 1
527 1
528 1
529 1
530 1
531 1
532 1
533 1
534 1
535 1
536 1
537 1
538 1
539 1
540 1
541 1
542 1
543 1
544 1
545 1
546 1
547 1
548 1
549 1
550 1
551 1
552 1
553 1
554 1
555 1
556 1
557 1
558 1
559 1
560 1
561 1
562 1
563 1
564 1
565 1
566 1
567 1
568 1
569 1
570 1
571 1
572 1
573 1
574 1
575 1
576 1
577 1
578 1
579 1
580 1
581 1
582 1
583 1
584 1
585 1
586 1
587 1
588 1
589 1
590 1
591 1
592 1
593 1
594 1
595 1
596 1
597 1
598 1
599 1
600 1
601 1
602 1
603 1
604 1
605 1
606 1
607 1
608 1
609 1
610 1
611 1
612 1
613 1
614 1
615 1
616 1
617 1
618 1
619 1
620 1
621 1
622 1
623 1
624 1
625 1
626 1
627 1
628 1
629 1
630 1
631 1
632 1
633 1
634 1
635 1
636 1
637 1
638 1
639 1
640 1
641 1
642 1
643 1
644 1
645 1
646 1
647 1
648 1
649 1
650 1
651 1
652 1
653 1
654 1
655 1
656 1
657 1
658 1
659 1
660 1
661 1
662 1
663 1
664 1
665 1
666 1
667 1
668 1
669 1
670 2
671 2
672 2
673 2
674 2
675 2
676 2
677 2
678 2
679 2
680 2
681 2
682 2
683 2
684 2
685 2
686 2
687 2
688 2
689 2
690 2
691 2
692 2
693 2
694 2
695 2
696 2
697 2
698 2
699 2
700 2
701 2
702 2
703 2
704 2
705 2
706 2
707 2
708 2
709 2
710 2
711 2
712 2
713 2
714 2
715 2
716 2
717 2
718 2
719 2
720 2
721 2
722 2
723 2
724 2
725 2
726 2
727 2
728 2
729 2
730 2
731 2
732 2
733 2
734 2
735 2
736 2
737 2
738 2
739 2
740 1
741 2
742 2
743 2
744 1
745 1
746 1
747 1
748 1
749 1
750 1
751 1
752 1
753 1
754 1
755 1
756 1
757 1
758 1
759 1
760 1
761 1
762 1
763 1
764 1
765 1
766 1
767 1
768 1
769 1
770 1
771 1
772 1
773 1
774 1
775 1
776 1
777 1
778 1
779 1
780 1
781 1
782 1
783 2
784 2
785 2
786 2
787 2
788 2
789 2
790 2
791 2
792 2
793 2
794 2
795 2
796 2
797 2
798 2
799 2
800 2
801 2
802 2
803 2
804 2
805 2
806 2
807 2
808 1
809 1
810 1
811 1
812 1
813 1
814 1
815 1
816 1
817 1
818 1
819 1
820 1
821 1
822 1
823 1
824 1
825 1
826 1
827 1
828 1
829 1
830 1
831 1
832 1
833 1
834 1
835 1
836 1
837 1
838 1
839 1
840 1
841 1
842 1
843 1
844 1
845 1
846 1
847 1
848 1
849 1
850 1
851 1
852 1
853 1
854 1
855 1
856 1
857 1
858 1
859 1
860 1
861 1
862 1
863 1
864 1
865 1
866 1
867 1
868 1
869 1
870 1
871 1
872 1
873 1
874 1
875 1
876 1
877 1
878 1
879 1
880 1
881 1
882 1
883 1
884 1
885 1
886 1
887 1
888 1
889 1
890 1
891 1
892 1
893 1
894 1
895 1
896 1
897 1
898 1
899 1
900 1
901 1
902 1
903 1
904 1
905 1
906 1
907 2
908 2
909 2
910 2
911 2
912 2
913 2
914 2
915 2
916 2
917 2
918 2
919 1
920 1
921 1
922 1
923 1
924 1
925 1
926 1
927 1
928 1
929 1
930 1
931 1
932 1
933 1
934 1
935 1
936 1
937 1
938 1
939 1
940 1
941 1
942 1
943 1
944 1
945 1
946 1
947 1
948 1
949 1
950 1
951 1
952 1
953 1
954 1
955 1
956 1
957 1
958 1
959 1
960 1
961 1
962 1
963 1
964 1
965 1
966 1
967 1
968 1
969 1
970 1
971 1
972 1
973 1
974 1
975 1
976 1
977 1
978 1
979 1
980 1
981 1
982 1
983 1
984 1
985 1
986 1
987 1
988 1
989 1
990 1
991 1
992 1
993 1
994 1
995 1
996 1
997 1
998 1
999 2
1000 2
1001 2
1002 2
1003 2
1004 2
1005 2
1006 2
1007 2
1008 2
1009 2
1010 2
1011 1
1012 1
1013 1
1014 1
1015 1
1016 1
1017 1
1018 1
1019 1
1020 1
1021 1
1022 1
1023 1
1024 1
1025 1
1026 1
1027 1
1028 1
1029 1
1030 1
1031 1
1032 1
1033 1
1034 1
1035 1
1036 1
1037 1
1038 1
1039 1
1040 1
1041 1
1042 1
1043 1
1044 1
1045 1
1046 1
1047 1
1048 1
1049 1
1050 1
1051 1
1052 1
1053 1
1054 1
1055 1
1056 1
1057 1
1058 1
1059 1
1060 1
1061 1
1062 1
1063 1
1064 1
1065 1
1066 1
1067 1
1068 1
1069 1
1070 1
1071 1
1072 1
1073 1
1074 1
1075 1
1076 1
1077 1
1078 1
1079 1
1080 1
1081 1
1082 1
1083 1
1084 1
1085 1
1086 1
1087 1
1088 1
1089 1
1090 1
1091 1
1092 1
1093 1
1094 1
1095 1
1096 1
1097 1
1098 1
1099 1
1100 1
1101 1
1102 1
1103 1
1104 1
1105 1
1106 1
1107 1
1108 1
1109 1
1110 1
1111 1
1112 1
1113 1
1114 1
1115 1
1116 1
1117 1
1118 1
1119 1
1120 1
1121 1
1122 1
1123 1
1124 1
1125 1
1126 1
1127 1
1128 1
1129 1
1130 1
1131 1
1132 1
1133 1
1134 1
1135 1
1136 1
1137 1
1138 1
1139 1
1140 1
1141 1
1142 1
1143 1
1144 1
1145 1
1146 1
1147 1
1148 1
1149 1
1150 1
1151 1
1152 1
1153 1
1154 1
1155 1
1156 1
1157 1
1158 1
1159 1
1160 1
1161 2
1162 2
1163 2
1164 2
1165 2
1166 2
1167 2
1168 2
1169 2
1170 2
1171 2
1172 2
1173 2
1174 2
1175 2
1176 2
1177 1177
1178 1177
1179 1177
1180 1177
1181 1181
1182 1177
1183 1177
1184 1177
1185 1177
1186 1177
1187 1177
1188 1177
1189 1177
1190 1177
1191 1177
1192 1177
1193 1177
1194 1177
1195 1177
1196 1177
1197 1177
1198 1177
1199 1177
1200 1177
1201 1177
1202 1177
1203 1177
1204 1181
1205 1177
1206 1181
1207 1177
1208 1177
1209 1177
1210 1181
1211 1177
1212 1177
1213 1177
1214 1181
1215 1177
1216 1181
1217 1177
1218 1177
1219 1177
1220 1177
1221 1177
1222 1177
1223 1177
1224 1224
1225 1177
1226 1177
1227 1177
1228 1177
1229 1177
1230 1177
1231 1224
1232 1224
1233 1177
1234 1177
1235 1177
1236 1177
1237 1177
1238 1177
1239 1224
1240 1177
1241 1177
1242 1177
1243 1224
1244 1177
1245 1181
1246 1181
1247 1177
1248 1177
1249 1177
1250 1181
1251 1177
1252 1177
1253 1181
1254 1177
1255 1177
1256 1181
1257 1181
1258 1177
1259 1181
1260 1181
1261 1181
1262 1181
1263 1177
1264 1181
1265 1177
1266 1177
1267 1224
1268 1177
1269 1224
1270 1224
1271 1177
1272 1177
1273 1177
1274 1224
1275 1224
1276 1177
1277 1177
1278 1177
1279 1177
1280 1177
1281 1177
1282 1224
1283 1177
1284 1177
1285 1177
1286 1177
1287 1177
1288 1177
1289 1181
1290 1177
1291 1177
1292 1177
1293 1177
1294 1177
1295 1177
1296 1177
1297 1177
1298 1181
1299 1177
1300 1177
1301 1177
1302 1177
1303 1177
1304 1177
1305 1177
1306 1177
1307 1177
1308 1177
1309 1177
1310 1177
1311 1177
1312 1177
1313 1224
1314 1177
1315 1177
1316 1177
1317 1177
1318 1177
1319 1177
1320 1177
1321 1177
1322 1177
1323 1177
1324 1177
1325 1177
1326 1177
1327 1177
1328 1177
1329 1177
1330 1181
1331 1181
1332 1181
1333 1181
1334 1181
1335 1181
1336 1181
1337 1181
1338 1181
1339 1181
1340 1181
1341 1181
1342 1181
1343 1181
1344 1181
1345 1181
1346 1181
1347 1181
1348 1181
1349 1181
1350 1181
1351 1177
1352 1181
1353 1177
1354 1177
1355 1177
1356 1177
1357 1177
1358 1177
1359 1177
1360 1177
1361 1177
1362 1177
1363 1177
1364 1177
1365 1177
1366 1177
1367 1177
1368 1177
1369 1177
1370 1177
1371 1177
1372 1177
1373 1177
1374 1177
1375 1177
1376 1177
1377 1177
1378 1177
1379 1177
1380 1177
1381 1177
1382 1177
1383 1177
1384 1177
1385 1177
1386 1177
1387 1177
1388 1177
1389 1177
1390 1177
1391 1177
1392 1177
1393 1177
1394 1177
1395 1177
1396 1177
1397 1177
1398 1177
1399 1177
1400 1177
1401 1177
1402 1177
1403 1177
1404 1177
1405 1177
1406 1177
1407 1177
1408 1177
1409 1177
1410 1177
1411 1177
1412 1177
1413 1177
1414 1177
1415 1177
1416 1177
1417 1177
1418 1177
1419 1177
1420 1177
1421 1177
1422 1177
1423 1177
1424 1177
1425 1177
1426 1177
1427 1177
1428 1177
1429 1177
1430 1177
1431 1177
1432 1177
1433 1177
1434 1177
1435 1177
1436 1177
1437 1177
1438 1177
1439 1177
1440 1177
1441 1177
1442 1177
1443 1177
1444 1177
1445 1181
1446 1181
1447 1181
1448 1181
1449 1181
1450 1181
1451 1181
1452 1181
1453 1181
1454 1181
1455 1181
1456 1181
1457 1181
1458 1181
1459 1181
1460 1181
1461 1181
1462 1181
1463 1181
1464 1181
1465 1181
1466 1177
1467 1177
1468 1177
1469 1177
1470 1177
1471 1177
1472 1177
1473 1177
1474 1177
1475 1177
1476 1177
1477 1177
1478 1177
1479 1177
1480 1177
1481 1177
1482 1177
1483 1177
1484 1181
1485 1181
1486 1181
1487 1181
1488 1181
1489 1181
1490 1181
1491 1181
1492 1181
1493 1181
1494 1181
1495 1181
1496 1181
1497 1181
1498 1181
1499 1181
1500 1181
1501 1181
1502 1181
1503 1181
1504 1181
1505 1181
1506 1181
1507 1181
1508 1177
1509 1181
1510 1181
1511 1181
1512 1181
1513 1181
1514 1181
1515 1181
1516 1181
1517 1181
1518 1181
1519 1181
1520 1181
1521 1181
1522 1181
1523 1181
1524 1181
1525 1181
1526 1177
1527 1177
1528 1177
1529 1177
1530 1177
1531 1177
1532 1177
1533 1177
1534 1177
1535 1177
1536 1177
1537 1177
1538 1177
1539 1177
1540 1177
1541 1177
1542 1177
1543 1177
1544 1177
1545 1177
1546 1177
1547 1177
1548 1177
1549 1177
1550 1177
1551 1177
1552 1177
1553 1177
1554 1177
1555 1177
1556 1177
1557 1177
1558 1177
1559 1177
1560 1177
1561 1177
1562 1177
1563 1177
1564 1177
1565 1177
1566 1177
1567 1177
1568 1181
1569 1177
1570 1177
1571 1177
1572 1177
1573 1177
1574 1177
1575 1177
1576 1177
1577 1177
1578 1177
1579 1177
1580 1177
1581 1177
1582 1177
1583 1177
1584 1177
1585 1177
1586 1177
1587 1177
1588 1177
1589 1177
1590 1177
1591 1177
1592 1177
1593 1177
1594 1177
1595 1177
1596 1177
1597 1177
1598 1177
1599 1177
1600 1177
1601 1177
1602 1177
1603 1177
1604 1177
1605 1177
1606 1177
1607 1177
1608 1177
1609 1177
1610 1177
1611 1177
1612 1177
1613 1177
1614 1177
1615 1177
1616 1177
1617 1177
1618 1177
1619 1177
1620 1177
1621 1177
1622 1177
1623 1177
1624 1177
1625 1177
1626 1177
1627 1177
1628 1177
1629 1177
1630 1177
1631 1177
1632 1177
1633 1177
1634 1177
1635 1177
1636 1177
1637 1177
1638 1177
1639 1177
1640 1177
1641 1177
1642 1177
1643 1177
1644 1177
1645 1177
1646 1177
1647 1177
1648 1177
1649 1177
1650 1177
1651 1177
1652 1177
1653 1177
1654 1177
1655 1177
1656 1177
1657 1177
1658 1177
1659 1177
1660 1177
1661 1177
1662 1177
1663 1177
1664 1177
1665 1177
1666 1177
1667 1177
1668 1177
1669 1177
1670 1177
1671 1177
1672 1177
1673 1177
1674 1177
1675 1177
1676 1177
1677 1177
1678 1181
1679 1177
1680 1181
1681 1181
1682 1181
1683 1181
1684 1177
1685 1177
1686 1181
1687 1181
1688 1177
1689 1181
1690 1181
1691 1181
1692 1181
1693 1181
1694 1177
1695 1177
1696 1177
1697 1177
1698 1177
1699 1177
1700 1177
1701 1177
1702 1177
1703 1177
1704 1177
1705 1177
1706 1177
1707 1177
1708 1177
1709 1177
1710 1177
1711 1177
1712 1177
1713 1177
1714 1177
1715 1177
1716 1177
1717 1177
1718 1177
1719 1177
1720 1177
1721 1177
1722 1177
1723 1177
1724 1177
1725 1177
1726 1177
1727 1177
1728 1177
1729 1177
1730 1177
1731 1177
1732 1177
1733 1177
1734 1177
1735 1177
1736 1177
1737 1177
1738 1177
1739 1177
1740 1177
1741 1177
1742 1177
1743 1177
1744 1177
1745 1177
1746 1177
1747 1177
1748 1177
1749 1177
1750 1177
1751 1177
1752 1177
1753 1177
1754 1177
1755 1177
1756 1177
1757 1177
1758 1177
1759 1177
1760 1177
1761 1177
1762 1177
1763 1177
1764 1177
1765 1177
1766 1177
1767 1177
1768 1177
1769 1177
1770 1177
1771 1177
1772 1177
1773 1177
1774 1177
1775 1177
1776 1177
1777 1177
1778 1177
1779 1177
1780 1177
1781 1177
1782 1177
1783 1177
1784 1177
1785 1177
1786 1177
1787 1177
1788 1177
1789 1177
1790 1177
1791 1177
1792 1177
1793 1177
1794 1177
1795 1177
1796 1177
1797 1177
1798 1177
1799 1177
1800 1177
1801 1181
1802 1177
1803 1177
1804 1181
1805 1177
1806 1177
1807 1177
1808 1177
1809 1181
1810 1810
1811 1810
1812 1810
1813 1810
1814 1810
1815 1810
1816 1810
1817 1810
1818 1810
1819 1810
1820 1810
1821 1810
1822 1810
1823 1810
1824 1810
1825 1810
1826 1810
1827 1810
1828 1810
1829 1810
1830 1810
1831 1810
1832 1810
1833 1810
1834 1810
1835 1810
1836 1810
1837 1810
1838 1810
1839 1810
1840 1810
1841 1810
1842 1810
1843 1810
1844 1810
1845 1810
1846 1810
1847 1810
1848 1810
1849 1810
1850 1810
1851 1810
1852 1810
1853 1810
1854 1810
1855 1855
1856 1810
1857 1810
1858 1810
1859 1810
1860 1810
1861 1810
1862 1810
1863 1810
1864 1810
1865 1810
1866 1810
1867 1810
1868 1810
1869 1810
1870 1810
1871 1810
1872 1810
1873 1810
1874 1810
1875 1810
1876 1810
1877 1810
1878 1810
1879 1810
1880 1810
1881 1810
1882 1810
1883 1810
1884 1810
1885 1810
1886 1810
1887 1810
1888 1810
1889 1810
1890 1810
1891 1810
1892 1810
1893 1810
1894 1810
1895 1810
1896 1810
1897 1810
1898 1810
1899 1810
1900 1810
1901 1810
1902 1810
1903 1810
1904 1810
1905 1810
1906 1810
1907 1810
1908 1810
1909 1810
1910 1810
1911 1810
1912 1810
1913 1810
1914 1810
1915 1810
1916 1810
1917 1810
1918 1810
1919 1810
1920 1810
1921 1810
1922 1810
1923 1810
1924 1810
1925 1810
1926 1810
1927 1810
1928 1810
1929 1810
1930 1810
1931 1810
1932 1810
1933 1810
1934 1810
1935 1810
1936 1810
1937 1810
1938 1810
1939 1810
1940 1810
1941 1810
1942 1810
1943 1810
1944 1810
1945 1810
1946 1810
1947 1810
1948 1810
1949 1810
1950 1810
1951 1810
1952 1810
1953 1810
1954 1810
1955 1810
1956 1810
1957 1810
1958 1810
1959 1810
1960 1810
1961 1810
1962 1810
1963 1810
1964 1810
1965 1810
1966 1810
1967 1810
1968 1810
1969 1810
1970 1810
1971 1810
1972 1810
1973 1810
1974 1810
1975 1810
1976 1810
1977 1810
1978 1810
1979 1810
1980 1810
1981 1810
1982 1810
1983 1810
1984 1810
1985 1810
1986 1810
1987 1810
1988 1810
1989 1810
1990 1810
1991 1810
1992 1810
1993 1810
1994 1810
1995 1810
1996 1810
1997 1810
1998 1810
1999 1810
2000 1810
2001 1810
2002 1810
2003 1810
2004 1810
2005 1810
2006 1810
2007 1810
2008 1810
2009 1810
2010 1810
2011 1810
2012 1810
2013 1810
2014 1810
2015 1810
2016 1810
2017 1810
2018 1810
2019 1810
2020 1810
2021 1810
2022 1810
2023 1810
2024 1810
2025 1810
2026 1810
2027 1810
2028 1810
2029 1810
2030 1810
2031 1810
2032 1810
2033 1810
2034 1810
2035 1810
2036 1810
2037 1810
2038 1810
2039 1810
2040 1810
2041 1810
2042 1810
2043 1810
2044 1810
2045 1810
2046 1810
2047 1810
2048 1810
2049 1810
2050 1810
2051 1810
2052 1810
2053 1810
2054 1810
2055 1810
2056 1810
2057 1810
2058 1810
2059 1810
2060 1810
2061 1810
2062 1810
2063 1810
2064 1810
2065 1810
2066 1810
2067 1810
2068 1810
2069 1810
2070 1810
2071 1810
2072 1810
2073 1810
2074 1810
2075 1810
2076 1810
2077 1810
2078 1810
2079 1810
2080 1810
2081 1810
2082 1810
2083 1810
2084 1810
2085 1810
2086 1810
2087 1810
2088 1810
2089 1810
2090 1810
2091 1810
2092 1810
2093 1810
2094 1810
2095 1810
2096 1810
2097 1810
2098 1810
2099 1810
2100 1810
2101 1810
2102 1810
2103 1810
2104 1810
2105 1810
2106 1810
2107 1810
2108 1810
2109 1810
2110 1810
2111 1810
2112 1810
2113 1810
2114 1810
2115 1810
2116 1810
2117 1810
2118 1810
2119 1810
2120 1810
2121 1810
2122 1810
2123 1810
2124 1810
2125 1810
2126 1810
2127 1810
2128 1810
2129 1810
2130 1810
2131 1810
2132 1810
2133 1810
2134 1810
2135 1810
2136 1810
2137 1810
2138 1810
2139 1810
2140 1810
2141 1855
2142 1855
2143 1855
2144 1855
2145 1855
2146 1855
2147 1855
2148 1855
2149 1855
2150 1855
2151 1855
2152 1855
2153 1855
2154 1855
2155 1855
2156 1855
2157 1855
2158 1855
2159 1855
2160 1855
2161 1855
2162 1855
2163 1855
2164 1855
2165 1855
2166 1855
2167 1855
2168 1855
2169 1855
2170 1855
2171 1855
2172 1855
2173 1855
2174 1855
2175 1855
2176 1855
2177 1855
2178 1855
2179 1855
2180 1855
2181 1855
2182 1855
2183 1855
2184 1855
2185 1855
2186 1855
2187 1855
2188 1855
2189 1855
2190 1855
2191 1855
2192 1855
2193 1855
2194 1855
2195 1855
2196 1855
2197 1855
2198 1855
2199 1855
2200 1855
2201 1855
2202 1855
2203 1855
2204 1855
2205 1855
2206 1855
2207 1855
2208 1855
2209 1855
2210 1855
2211 1855
2212 1855
2213 1855
2214 1855
2215 1855
2216 1855
2217 1855
2218 1855
2219 1855
2220 1855
2221 1855
2222 1855
2223 1855
2224 1855
2225 1855
2226 1855
2227 1855
2228 1855
2229 1855
2230 1855
2231 1855
2232 1855
2233 1855
2234 1855
2235 2235
2236 2235
2237 2235
2238 2235
2239 2235
2240 2235
2241 2235
2242 2235
2243 2235
2244 2235
2245 2235
2246 2235
2247 2235
2248 2235
2249 2235
2250 2235
2251 2235
2252 2235
2253 2235
2254 2235
2255 2235
2256 2235
2257 2235
2258 2235
2259 2235
2260 2235
2261 2235
2262 2235
2263 2235
2264 2235
2265 2235
2266 2235
2267 2235
2268 2235
2269 2235
2270 2235
2271 2235
2272 2235
2273 2235
2274 2235
2275 2235
2276 2235
2277 2235
2278 2235
2279 2235
2280 2235
2281 2235
2282 2235
2283 2235
2284 2235
2285 2235
2286 2235
2287 2235
2288 2235
2289 2235
2290 2235
2291 2235
2292 2235
2293 2235
2294 2235
2295 2235
2296 2235
2297 2235
2298 2235
2299 2235
2300 2235
2301 2235
2302 2235
2303 2235
2304 2235
2305 2235
2306 2235
2307 2235
2308 2235
2309 2235
2310 2235
2311 2235
2312 2235
2313 2235
2314 2235
2315 2235
2316 2235
2317 2235
2318 2235
2319 2235
2320 2235
2321 2235
2322 2235
2323 2235
2324 2235
2325 2235
2326 2235
2327 2235
2328 2235
2329 2235
2330 2235
2331 2235
2332 2235
2333 2235
2334 2235
2335 2235
2336 2235
2337 2235
2338 2235
2339 2235
2340 2235
2341 2235
2342 2235
2343 2235
2344 2235
2345 2235
2346 2235
2347 2235
2348 1855
2349 1855
2350 1855
2351 1855
2352 1855
2353 1855
2354 1855
2355 1855
2356 1855
2357 1855
2358 1855
2359 1855
2360 1855
2361 1855
2362 1855
2363 1855
2364 1855
2365 1855
2366 1855
2367 1855
2368 1855
2369 1855
2370 1855
2371 1855
2372 1855
2373 1855
2374 1855
2375 1855
2376 1855
2377 1855
2378 1855
2379 1855
2380 1855
2381 1855
2382 1855
2383 1855
2384 1855
2385 1855
2386 1855
2387 1855
2388 1855
2389 1855
2390 1855
2391 1855
2392 1855
2393 1855
2394 1855
2395 1855
2396 1855
2397 1855
2398 1855
2399 1855
2400 1855
2401 1855
2402 1855
2403 1855
2404 1855
2405 1855
2406 1855
2407 1855
2408 1855
2409 1855
2410 1855
2411 1855
2412 1855
2413 1855
2414 1855
2415 1855
2416 1855
2417 1855
2418 1855
2419 1855
2420 1855
2421 1855
2422 1855
2423 1855
2424 1855
2425 1855
2426 1855
2427 1855
2428 1855
2429 1855
2430 1855
2431 1855
2432 1855
2433 1855
2434 1855
2435 1855
2436 1855
2437 1855
2438 1855
2439 1855
2440 1855
2441 1855
2442 1855
2443 1855
2444 1855
2445 1855
2446 1855
2447 1855
2448 1855
2449 1855
2450 1855
2451 1855
2452 1855
2453 1855
2454 1855
2455 1855
2456 1855
2457 1855
2458 1855
2459 1855
2460 1855
2461 1855
2462 1855
2463 1855
2464 1855
2465 1855
2466 1855
2467 1855
2468 1855
2469 1855
2470 1855
2471 1855
2472 1855
2473 1855
2474 1855
2475 1855
2476 1855
2477 1855
2478 1855
2479 1855
2480 1855
2481 1855
2482 1855
2483 1855
2484 1855
2485 1855
2486 1855
2487 1855
2488 1855
2489 1855
2490 1855
2491 1855
2492 1855
2493 1855
2494 1855
2495 1855
2496 1855
2497 1855
2498 1855
2499 1855
2500 1855
2501 1855
2502 1855
2503 1855
2504 1855
2505 1855
2506 1855
2507 1855
2508 1855
2509 1855
2510 1855
2511 1855
2512 1855
2513 1855
2514 1855
2515 1855
2516 1855
2517 1855
2518 1855
2519 1855
2520 1855
2521 1855
2522 1855
2523 1855
2524 1855
2525 1855
2526 1855
2527 1855
2528 1855
2529 1855
2530 1855
2531 1855
2532 1855
2533 1855
2534 1855
2535 1855
2536 1855
2537 1855
2538 1855
2539 1855
2540 1855
2541 1855
2542 1855
2543 1855
2544 1855
2545 1855
2546 1855
2547 1855
2548 1855
2549 1855
2550 1855
2551 1855
2552 1855
2553 1855
2554 1855
2555 1810
2556 1855
2557 1855
2558 1855
2559 1855
2560 1855
2561 1855
2562 1855
2563 1855
2564 1855
2565 1855
2566 1855
2567 1855
2568 1855
2569 1855
2570 1855
2571 1855
2572 1855
2573 1855
2574 1855
2575 1855
2576 1855
2577 1855
2578 1855
2579 1855
2580 1855
2581 1855
2582 1855
2583 1855
2584 1855
2585 1855
2586 1855
2587 1855
2588 1855
2589 1855
2590 1855
2591 1855
2592 1855
2593 1855
2594 1855
2595 1855
2596 1855
2597 1855
2598 1855
2599 1855
2600 1855
2601 1855
2602 1855
2603 1855
2604 1855
2605 1855
2606 1855
2607 1855
2608 1855
2609 1855
2610 1855
2611 1855
2612 1855
2613 1855
2614 1855
2615 1855
2616 1855
2617 1855
2618 1855
2619 1855
2620 1855
2621 1855
2622 1855
2623 1855
2624 1855
2625 1855
2626 1855
2627 1855
2628 1855
2629 1855
2630 1855
2631 1855
2632 1855
2633 1855
2634 1855
2635 1855
2636 2235
2637 2235
2638 2235
2639 2235
2640 2235
2641 2235
2642 2235
2643 2235
2644 2235
2645 2235
2646 2235
2647 2235
2648 2235
2649 2235
2650 2235
2651 2235
2652 2235
2653 2235
2654 2235
2655 2235
2656 2235
2657 2235
2658 2235
2659 2235
2660 2235
2661 2235
2662 2235
2663 2235
2664 2235
2665 2235
2666 2235
2667 2235
2668 2235
2669 2235
2670 2235
2671 2235
2672 2235
2673 2235
2674 2235
2675 2235
2676 2235
2677 2235
2678 2235
2679 2235
2680 2235
2681 2235
2682 2235
2683 2235
2684 2235
2685 2235
2686 2235
2687 2235
2688 2235
2689 2235
2690 2235
2691 2235
2692 2235
2693 2235
2694 2235
2695 2235
2696 2235
2697 2235
2698 2235
2699 2235
2700 2235
2701 2235
2702 2235
2703 2235
2704 2235
2705 2235
2706 2235
2707 2235
2708 2235
2709 2235
2710 2235
2711 2235
2712 2235
2713 2235
2714 2235
2715 2235
2716 2235
2717 2235
2718 2235
2719 2235
2720 2235
2721 2235
2722 2235
2723 2235
2724 2235
2725 2235
2726 2235
2727 2235
2728 2235
2729 2235
2730 2235
2731 2235
2732 2235
2733 2235
2734 2235
2735 2235
2736 2235
2737 2235
2738 2235
2739 2235
2740 2235
2741 2235
2742 2235
2743 2235
2744 2235
2745 2235
2746 2235
2747 2235
2748 2235
2749 2235
2750 2235
2751 2235
2752 1810
2753 1810
2754 1810
2755 1810
2756 1810
2757 1810
2758 1810
2759 1810
2760 1810
2761 1810
2762 1810
2763 1810
2764 1810
2765 1810
2766 1810
2767 1810
2768 1810
2769 1810
2770 1810
2771 1810
2772 1810
2773 1810
2774 1810
2775 1810
2776 1810
2777 1810
2778 1810
2779 1810
2780 1810
2781 1810
2782 1810
2783 1810
2784 1810
2785 1810
2786 1810
2787 1810
2788 1810
2789 1810
2790 1810
2791 1810
2792 1810
2793 1810
2794 1810
2795 1810
2796 1810
2797 1810
2798 1810
2799 1810
2800 1810
2801 1810
2802 1810
2803 1810
2804 1810
2805 1810
2806 1810
2807 1810
2808 1810
2809 1810
2810 1810
2811 1810
2812 1810
2813 1810
2814 1810
2815 1810
2816 1810
2817 1810
2818 1810
2819 1810
2820 1810
2821 1810
2822 1810
2823 1810
2824 1810
2825 1810
2826 1810
2827 1810
2828 1810
2829 1810
2830 1810
2831 1810
2832 1810
2833 1810
2834 1810
2835 1810
2836 1810
2837 1810
2838 1810
2839 1855
2840 1855
2841 1855
2842 1855
2843 1855
2844 1855
2845 1855
2846 1855
2847 1855
2848 1855
2849 1855
2850 1855
2851 1855
2852 1855
2853 1855
2854 1855
2855 1855
2856 1855
2857 1855
2858 1855
2859 1855
2860 1855
2861 1855
2862 1855
2863 1855
2864 1855
2865 1855
2866 1855
2867 1855
2868 1855
2869 1855
2870 1855
2871 1855
2872 1855
2873 1855
2874 1855
2875 1855
2876 1855
2877 1855
2878 1855
2879 1855
2880 1855
2881 1855
2882 1855
2883 1855
2884 1855
2885 1855
2886 1855
2887 1855
2888 1855
2889 1855
2890 1855
2891 1855
2892 1855
2893 1855
2894 1855
2895 1855
2896 1855
2897 1855
2898 1855
2899 1855
2900 1855
2901 1855
2902 1855
2903 1855
2904 1855
2905 1855
2906 1855
2907 1855
2908 1855
2909 1855
2910 1855
2911 1855
2912 1855
2913 1855
2914 1855
2915 1855
2916 1855
2917 1855
2918 1855
2919 1855
2920 1855
2921 1855
2922 1855
2923 1855
2924 1855
2925 1855
2926 1855
2927 1855
2928 1855
2929 1855
2930 1855
2931 1855
2932 1855
2933 1855
2934 1855
2935 1855
2936 1855
2937 1855
2938 1855
2939 1855
2940 1855
2941 1855
2942 1855
2943 1855
2944 1855
2945 1855
2946 1855
2947 1855
2948 1855
2949 1855
2950 1855
2951 1855
2952 1855
2953 1855
2954 1855
2955 1855
2956 1855
2957 1855
2958 1855
2959 1855
2960 1855
2961 1855
2962 1855
2963 1855
2964 1855
2965 1855
2966 1855
2967 1855
2968 1855
2969 1855
2970 1855
2971 1855
2972 1855
2973 1855
2974 1855
2975 1855
2976 1855
2977 1855
2978 1855
2979 1855
2980 1855
2981 1855
2982 1855
2983 1855
2984 1855
2985 1855
2986 1855
2987 1855
2988 1855
2989 1855
2990 1855
2991 1855
2992 1855
2993 1855
2994 1855
2995 1855
2996 1855
2997 1855
2998 1855
2999 1855
3000 1855
3001 1855
3002 1855
3003 1855
3004 1855
3005 1855
3006 1855
3007 1855
3008 1855
3009 1855
3010 1855
3011 1855
3012 1855
3013 1855
3014 1855
3015 1855
3016 1855
3017 1181
3018 1181
3019 1181
3020 1181
3021 1181
3022 1181
3023 1181
3024 1181
3025 1181
3026 1181
3027 1181
3028 1181
3029 1181
3030 1181
3031 1181
3032 1181
3033 1181
3034 1181
3035 1181
3036 1181
3037 1181
3038 1181
3039 1181
3040 1181
3041 1855
3042 1181
3043 1855
3044 1181
3045 1181
3046 1181
3047 1181
3048 1181
3049 1181
3050 1181
3051 1181
3052 1181
3053 1181
3054 1181
3055 1181
3056 1181
3057 1855
3058 1855
3059 1855
3060 1855
3061 1855
3062 1855
3063 1855
3064 1855
3065 1855
3066 1855
3067 1855
3068 1855
3069 1855
3070 1855
3071 1855
3072 1855
3073 1855
3074 1855
3075 1855
3076 1855
3077 1855
3078 1855
3079 1855
3080 1855
3081 1855
3082 1855
3083 1855
3084 1855
3085 1855
3086 1855
3087 1855
3088 1855
3089 1855
3090 1855
3091 1855
3092 1855
3093 1855
3094 1855
3095 1855
3096 1855
3097 1855
3098 1855
3099 1855
3100 1855
3101 1855
3102 1855
3103 1855
3104 1855
3105 1855
3106 1855
3107 1855
3108 1855
3109 1855
3110 1181
3111 1181
3112 1181
3113 1181
3114 1181
3115 1181
3116 1181
3117 1181
3118 1181
3119 1181
3120 1181
3121 1181
3122 1181
3123 1181
3124 1181
3125 1181
3126 1181
3127 1181
3128 1181
3129 1181
3130 1181
3131 1181
3132 1181
3133 1181
3134 1181
3135 1181
3136 1181
3137 1181
3138 1181
3139 1181
3140 1181
3141 1181
3142 1181
3143 1181
3144 1181
3145 1181
3146 1181
3147 1181
3148 1181
3149 1181
3150 1181
3151 1181
3152 1181
3153 1181
3154 1181
3155 1181
3156 1181
3157 1181
3158 1181
3159 1181
3160 1181
3161 1181
3162 1181
3163 1181
3164 1181
3165 1181
3166 1181
3167 1181
3168 1181
3169 1181
3170 1181
3171 1181
3172 1181
3173 1181
3174 1181
3175 1181
3176 1181
3177 1181
3178 1181
3179 1181
3180 1181
3181 1181
3182 1181
3183 1181
3184 1181
3185 1181
3186 1181
3187 1181
3188 1181
3189 1181
3190 1181
3191 1181
3192 1181
3193 1181
3194 1181
3195 1181
3196 1181
3197 1181
3198 1181
3199 1181
3200 1181
3201 1181
3202 1181
3203 1181
3204 1181
3205 1181
3206 1181
3207 1181
3208 1181
3209 1181
3210 1181
3211 1181
3212 1181
3213 1181
3214 1181
3215 1181
3216 1181
3217 1181
3218 1181
3219 1181
3220 1181
3221 1181
3222 1181
3223 1181
3224 1181
3225 1181
3226 1181
3227 1181
3228 1181
3229 1181
3230 1181
3231 1181
3232 1181
3233 1181
3234 1181
3235 1181
3236 1181
3237 1181
3238 1181
3239 1181
3240 1181
3241 1181
3242 1181
3243 1181
3244 1181
3245 1181
3246 1181
3247 1181
3248 1181
3249 1181
3250 1181
3251 1181
3252 1181
3253 1181
3254 1181
3255 1181
3256 1181
3257 1181
3258 1181
3259 1181
3260 1181
3261 1181
3262 1181
3263 1181
3264 1181
3265 1181
3266 1181
3267 1181
3268 1181
3269 1181
3270 1181
3271 1181
3272 1181
3273 1181
3274 1181
3275 1181
3276 1181
3277 1181
3278 1181
3279 1181
3280 1181
3281 1181
3282 1181
3283 1181
3284 1181
3285 1181
3286 1181
3287 1181
3288 1181
3289 1181
3290 1181
3291 1181
3292 1181
3293 1181
3294 1181
3295 1181
3296 1181
3297 1181
3298 1181
3299 1181
3300 1181
3301 1181
3302 1181
3303 1181
3304 1181
3305 1181
3306 1181
3307 1181
3308 1181
3309 1181
3310 1181
3311 1181
3312 1181
3313 1181
3314 1181
3315 1181
3316 1181
3317 1181
3318 1181
3319 1181
3320 1181
3321 1181
3322 1181
3323 1181
3324 1181
3325 1181
3326 1181
3327 1181
3328 1181
3329 1181
3330 1181
3331 1181
3332 1181
3333 1181
3334 1181
3335 1181
3336 1181
3337 1181
3338 1181
3339 1181
3340 1181
3341 1181
3342 1181
3343 1181
3344 1855
3345 3345
3346 3345
3347 1855
3348 3345
3349 3345
3350 3345
3351 3345
3352 1855
3353 3345
3354 3345
3355 1855
3356 3345
3357 1855
3358 3345
3359 3345
3360 3345
3361 3345
3362 3345
3363 3345
3364 3345
3365 3345
3366 3345
3367 3345
3368 1181
3369 1181
3370 1181
3371 1181
3372 1181
3373 1181
3374 1181
3375 1181
3376 1181
3377 1181
3378 1181
3379 1181
3380 1181
3381 1181
3382 1181
3383 1181
3384 1181
3385 1181
3386 1181
3387 1177
3388 1177
3389 1177
3390 1177
3391 1177
3392 1177
3393 1177
3394 1177
3395 1177
3396 1177
3397 1177
3398 1177
3399 1177
3400 1177
3401 1177
3402 1177
3403 1177
3404 1177
3405 1177
3406 1177
3407 1177
3408 1177
3409 1177
3410 1177
3411 1177
3412 1177
3413 1177
3414 1177
3415 1177
3416 1177
3417 1177
3418 1177
3419 1177
3420 1177
3421 1177
3422 1177
3423 1177
3424 1224
3425 1224
3426 1224
3427 1224
3428 1224
3429 1224
3430 1224
3431 1224
3432 1224
3433 1224
3434 1224
3435 1224
3436 1224
3437 1224
3438 1224
3439 1224
3440 1224
3441 1224
3442 1224
3443 1224
3444 1224
3445 1224
3446 1181
3447 1181
3448 1181
3449 1181
3450 1181
3451 1181
3452 1181
3453 1181
3454 1181
3455 1181
3456 1181
3457 1181
3458 1181
3459 1181
3460 1181
3461 1181
3462 1181
3463 1181
3464 1181
3465 1181
3466 1181
3467 1181
3468 1181
3469 1181
3470 1181
3471 1181
3472 1181
3473 1181
3474 1181
3475 1181
3476 1181
3477 1181
3478 1181
3479 1181
3480 1181
3481 1181
3482 1181
3483 1181
3484 1181
3485 1181
3486 1181
3487 1181
3488 1181
3489 1181
3490 1181
3491 1181
3492 1181
3493 1181
3494 1181
3495 1181
3496 1181
3497 1181
3498 1181
3499 1181
3500 1181
3501 1181
3502 1181
3503 1181
3504 1181
3505 1181
3506 1181
3507 1181
3508 1181
3509 1181
3510 1181
3511 1181
3512 1181
3513 1181
3514 1181
3515 1181
3516 1181
3517 1181
3518 1181
3519 1181
3520 1181
3521 1181
3522 1181
3523 1181
3524 1181
3525 1181
3526 1181
3527 1181
3528 1181
3529 1181
3530 1181
3531 1181
3532 1181
3533 1181
3534 1181
3535 1181
3536 1181
3537 1181
3538 1181
3539 1181
3540 1181
3541 1181
3542 1181
3543 1181
3544 1181
3545 1181
3546 1181
3547 1181
3548 1181
3549 1181
3550 1181
3551 1181
3552 1181
3553 1181
3554 1181
3555 1181
3556 1181
3557 1181
3558 1181
3559 1181
3560 1181
3561 1181
3562 1181
3563 1181
3564 1181
3565 1181
3566 1181
3567 1181
3568 1181
3569 1181
3570 1181
3571 1181
3572 1181
3573 1181
3574 1181
3575 1181
3576 1181
3577 1181
3578 1181
3579 1181
3580 1181
3581 1181
3582 1181
3583 1181
3584 1181
3585 1181
3586 1181
3587 1181
3588 1181
3589 1181
3590 1181
3591 1181
3592 1181
3593 1181
3594 1181
3595 1224
3596 1224
3597 1224
3598 1224
3599 1224
3600 1224
3601 1224
3602 1224
3603 1224
3604 1224
3605 1224
3606 1224
3607 1224
3608 1224
3609 1224
3610 1224
3611 1224
3612 1224
3613 1224
3614 1224
3615 1224
3616 1181
3617 1181
3618 1181
3619 1181
3620 1181
3621 1181
3622 1181
3623 1181
3624 1181
3625 1181
3626 1181
3627 1181
3628 1181
3629 1181
3630 1181
3631 1181
3632 1181
3633 1181
3634 1181
3635 1181
3636 1181
3637 1181
3638 1181
3639 1181
3640 1181
3641 1181
3642 1181
3643 1181
3644 1181
3645 1181
3646 3646
3647 3646
3648 3646
3649 3646
3650 3646
3651 3651
3652 3651
3653 3651
3654 3651
3655 3651
3656 3651
3657 3651
3658 3651
3659 3651
3660 3651
3661 3651
3662 3651
3663 3651
3664 3651
3665 3651
3666 3646
3667 3646
3668 3651
3669 3646
3670 3651
3671 3651
3672 3651
3673 3651
3674 3651
3675 3651
3676 3651
3677 3651
3678 3646
3679 3646
3680 3646
3681 3646
3682 3646
3683 3651
3684 3646
3685 3651
3686 3646
3687 3646
3688 3646
3689 3651
3690 3651
3691 3646
3692 3651
3693 3651
3694 1810
3695 1810
3696 1810
3697 1810
3698 1810
3699 1810
3700 1810
3701 1810
3702 1810
3703 1810
3704 1810
3705 1810
3706 1810
3707 1810
3708 1810
3709 1810
3710 1810
3711 1810
3712 1810
3713 1810
3714 1810
3715 1810
3716 1810
3717 1810
3718 1810
3719 1810
3720 1810
3721 1810
3722 1810
3723 1810
3724 1810
3725 1810
3726 1810
3727 1810
3728 1810
3729 1810
3730 1810
3731 1810
3732 1810
3733 1810
3734 1810
3735 1810
3736 1810
3737 1810
3738 1810
3739 1810
3740 1810
3741 1810
3742 1810
3743 1810
3744 1810
3745 1810
3746 1810
3747 1810
3748 1810
3749 1810
3750 1810
3751 1810
3752 1810
3753 1810
3754 1810
3755 1810
3756 1810
3757 1810
3758 1810
3759 1810
3760 1810
3761 1810
3762 1810
3763 1810
3764 1810
3765 1810
3766 1810
3767 1810
3768 1810
3769 1810
3770 1810
3771 1810
3772 1810
3773 1810
3774 1810
3775 1810
3776 1810
3777 1810
3778 1810
3779 1810
3780 1810
3781 1810
3782 1810
3783 1810
3784 1810
3785 1810
3786 1810
3787 1810
3788 1810
3789 1810
3790 1810
3791 1810
3792 1810
3793 1810
3794 1810
3795 1810
3796 1810
3797 1810
3798 1810
3799 1810
3800 1810
3801 1810
3802 1810
3803 1810
3804 1810
3805 1810
3806 1810
3807 1810
3808 1810
3809 1810
3810 1810
3811 1810
3812 1810
3813 1810
3814 1810
3815 1810
3816 1810
3817 1810
3818 1810
3819 1810
3820 1810
3821 1810
3822 1810
3823 1810
3824 1810
3825 1810
3826 1810
3827 1810
3828 1810
3829 1810
3830 1810
3831 1810
3832 1810
3833 1810
3834 1810
3835 1810
3836 1810
3837 1810
3838 1810
3839 1810
3840 1810
3841 1810
3842 1810
3843 1810
3844 1810
3845 1810
3846 1810
3847 1810
3848 1810
3849 1810
3850 1810
3851 1810
3852 1810
3853 1810
3854 1810
3855 1810
3856 1810
3857 1810
3858 1810
3859 1810
3860 1810
3861 1810
3862 1810
3863 1810
3864 1810
3865 1810
3866 1810
3867 1810
3868 1810
3869 1810
3870 1810
3871 1810
3872 1810
3873 1810
3874 1810
3875 1810
3876 1810
3877 1810
3878 1810
3879 1810
3880 1810
3881 1810
3882 1810
3883 1810
3884 1810
3885 1810
3886 1810
3887 1810
3888 1810
3889 1810
3890 1810
3891 1810
3892 1810
3893 1810
3894 1810
3895 1810
3896 1810
3897 1810
3898 1810
3899 1810
3900 1810
3901 1810
3902 1810
3903 1810
3904 1810
3905 1810
3906 1810
3907 1810
3908 1810
3909 1810
3910 1810
3911 1810
3912 1810
3913 1810
3914 1810
3915 1810
3916 1810
3917 1810
3918 1810
3919 1810
3920 1810
3921 1810
3922 1810
3923 1810
3924 1810
3925 1810
3926 1810
3927 1810
3928 1810
3929 1810
3930 1810
3931 1810
3932 1810
3933 1810
3934 1810
3935 1810
3936 1810
3937 1810
3938 1855
3939 1810
3940 1810
3941 1810
3942 1810
3943 1810
3944 1810
3945 1810
3946 1810
3947 1810
3948 1810
3949 1810
3950 1810
3951 1810
3952 1810
3953 1810
3954 1810
3955 1810
3956 1810
3957 1810
3958 1810
3959 1810
3960 1810
3961 1810
3962 1810
3963 1855
3964 1810
3965 1810
3966 1810
3967 1810
3968 1810
3969 1810
3970 1810
3971 1810
3972 1810
3973 1810
3974 1810
3975 1810
3976 1810
3977 3977
3978 1855
3979 1855
3980 1855
3981 1855
3982 1855
3983 1855
3984 3984
3985 1855
3986 1855
3987 3984
3988 3977
3989 1855
3990 1855
3991 1855
3992 1855
3993 1855
3994 1855
3995 1855
3996 1181
3997 1181
3998 1855
3999 1855
4000 1855
4001 1855
4002 1855
4003 1855
4004 1855
4005 1855
4006 1855
4007 1855
4008 1855
4009 1855
4010 1855
4011 1855
4012 1855
4013 3984
4014 1855
4015 1855
4016 3984
4017 1855
4018 1855
4019 1855
4020 1855
4021 1855
4022 1855
4023 1810
4024 3977
4025 1855
4026 1855
4027 1855
4028 1855
4029 1855
4030 1855
4031 1855
4032 1855
4033 1855
4034 1855
4035 1855
4036 1855
4037 3984
4038 3984
4039 3984
4040 1855
4041 3984
4042 3977
4043 1855
4044 1855
4045 1855
4046 1855
4047 3977
4048 1855
4049 3977
4050 3977
4051 3977
4052 3977
4053 3977
4054 3977
4055 3977
4056 3977
4057 3977
4058 3977
4059 3977
4060 3977
4061 3977
4062 3977
4063 3977
4064 3977
4065 3977
4066 3977
4067 3977
4068 3977
4069 3977
4070 3977
4071 3977
4072 3977
4073 3977
4074 3977
4075 3977
4076 3977
4077 3977
4078 3977
4079 3977
4080 3977
4081 3977
4082 3977
4083 3977
4084 3977
4085 3977
4086 3977
4087 3977
4088 3977
4089 3977
4090 3977
4091 3977
4092 3977
4093 3977
4094 3977
4095 3977
4096 3977
4097 3977
4098 3977
4099 3977
4100 3977
4101 3977
4102 3977
4103 3977
4104 3977
4105 3977
4106 3977
4107 3977
4108 3977
4109 3977
4110 3977
4111 3977
4112 3977
4113 3977
4114 3977
4115 3977
4116 3977
4117 3977
4118 3977
4119 3977
4120 3977
4121 3977
4122 3977
4123 3977
4124 3977
4125 3977
4126 3977
4127 3977
4128 3977
4129 3977
4130 3977
4131 3977
4132 3977
4133 3977
4134 3977
4135 3977
4136 3977
4137 3977
4138 3977
4139 3977
4140 3977
4141 3977
4142 3977
4143 3977
4144 3977
4145 3977
4146 3977
4147 3977
4148 3977
4149 3977
4150 3977
4151 3977
4152 3977
4153 3977
4154 3977
4155 3977
4156 3977
4157 3977
4158 3977
4159 3977
4160 3977
4161 3977
4162 3977
4163 3977
4164 3977
4165 3977
4166 3977
4167 3977
4168 3977
4169 3977
4170 3977
4171 3977
4172 3977
4173 3977
4174 3977
4175 3977
4176 3977
4177 3977
4178 3977
4179 3977
4180 3977
4181 3977
4182 3977
4183 3977
4184 3977
4185 3977
4186 3977
4187 3977
4188 3977
4189 3977
4190 3977
4191 3977
4192 3977
4193 3977
4194 3977
4195 3977
4196 3977
4197 3977
4198 3977
4199 3977
4200 3977
4201 3977
4202 3977
4203 3977
4204 3977
4205 3977
4206 3977
4207 3977
4208 3977
4209 3977
4210 3977
4211 3977
4212 3977
4213 3977
4214 3977
4215 3977
4216 3977
4217 3977
4218 3977
4219 3977
4220 3977
4221 3977
4222 3977
4223 3977
4224 3977
4225 3977
4226 3977
4227 3977
4228 3977
4229 3977
4230 3977
4231 3977
4232 3977
4233 3977
4234 3977
4235 3977
4236 3977
4237 3977
4238 3977
4239 3977
4240 3977
4241 3977
4242 3977
4243 3977
4244 3977
4245 3977
4246 3977
4247 3977
4248 3977
4249 3977
4250 3977
4251 3977
4252 3977
4253 3977
4254 3977
4255 3977
4256 3977
4257 3977
4258 3977
4259 3977
4260 3977
4261 3977
4262 3977
4263 3977
4264 3977
4265 3977
4266 3977
4267 3977
4268 3977
4269 3977
4270 3977
4271 3977
4272 3977
4273 3977
4274 3977
4275 3977
4276 3977
4277 3977
4278 3977
4279 3977
4280 3977
4281 3977
4282 3977
4283 3977
4284 3977
4285 3977
4286 4286
4287 4286
4288 3984
4289 4286
4290 3984
4291 4286
4292 4286
4293 4286
4294 4286
4295 4286
4296 4286
4297 4286
4298 4286
4299 3977
4300 4286
4301 3984
4302 4286
4303 4286
4304 4286
4305 4286
4306 4286
4307 3977
4308 4286
4309 4286
4310 4286
4311 4286
4312 4286
4313 3984
4314 4286
4315 4286
4316 3984
4317 4286
4318 4286
4319 4286
4320 4286
4321 3977
4322 4286
4323 4286
4324 4286
4325 3984
4326 3984
4327 3984
4328 3984
4329 3984
4330 3984
4331 3984
4332 3984
4333 3984
4334 3984
4335 3984
4336 3984
4337 3984
4338 3984
4339 3984
4340 3984
4341 3984
4342 3984
4343 3984
4344 3984
4345 3984
4346 3984
4347 3984
4348 3984
4349 3984
4350 3984
4351 3984
4352 3984
4353 3984
4354 3984
4355 3984
4356 3984
4357 3984
4358 3984
4359 3984
4360 3984
4361 3984
4362 3984
4363 3984
4364 3984
4365 3984
4366 3984
4367 3984
4368 3984
4369 3984
4370 3984
4371 3984
4372 3984
4373 3984
4374 3984
4375 3984
4376 3984
4377 3984
4378 3984
4379 3984
4380 3984
4381 3977
4382 3984
4383 3984
4384 3984
4385 3984
4386 3984
4387 3984
4388 3984
4389 3984
4390 3984
4391 3984
4392 3984
4393 3984
4394 3984
4395 3984
4396 3984
4397 3984
4398 3984
4399 3984
4400 3984
4401 3984
4402 3984
4403 3984
4404 3984
4405 3984
4406 3984
4407 3984
4408 3984
4409 3984
4410 3984
4411 3984
4412 3984
4413 3984
4414 3984
4415 3984
4416 3984
4417 3984
4418 3984
4419 3984
4420 3984
4421 3984
4422 3984
4423 3984
4424 3984
4425 3984
4426 3984
4427 3984
4428 3984
4429 3984
4430 3984
4431 3984
4432 3984
4433 3984
4434 3984
4435 3984
4436 3984
4437 3984
4438 3984
4439 3984
4440 3984
4441 3984
4442 3984
4443 3984
4444 3984
4445 3984
4446 3984
4447 3984
4448 3984
4449 3984
4450 3984
4451 3984
4452 3984
4453 3984
4454 3984
4455 3984
4456 3984
4457 3984
4458 3984
4459 3984
4460 3984
4461 3984
4462 3984
4463 3984
4464 3984
4465 3984
4466 3984
4467 3984
4468 3984
4469 3984
4470 3984
4471 3984
4472 3984
4473 3984
4474 3984
4475 3984
4476 3984
4477 3984
4478 3984
4479 3984
4480 3984
4481 3984
4482 3984
4483 3984
4484 1181
4485 1181
4486 3984
4487 3984
4488 3984
4489 3984
4490 1181
4491 1181
4492 1181
4493 1181
4494 3984
4495 1181
4496 3984
4497 3984
4498 1181
4499 3984
4500 3984
4501 3984
4502 3984
4503 3984
4504 1181
4505 3984
4506 3984
4507 1181
4508 1181
4509 1181
4510 1181
4511 3984
4512 1181
4513 1181
4514 1181
4515 1181
4516 1181
4517 1181
4518 1181
4519 1181
4520 1181
4521 1181
4522 1181
4523 3984
4524 1181
4525 1181
4526 3984
4527 3984
4528 3984
4529 3984
4530 3984
4531 3984
4532 3984
4533 1181
4534 1181
4535 1181
4536 3984
4537 1181
4538 3984
4539 3984
4540 3984
4541 3984
4542 3984
4543 3984
4544 3984
4545 3984
4546 1181
4547 3984
4548 3984
4549 3984
4550 1181
4551 3984
4552 3984
4553 3984
4554 3984
4555 3984
4556 3984
4557 3984
4558 3984
4559 3984
4560 3984
4561 3984
4562 3984
4563 3984
4564 3984
4565 3984
4566 3984
4567 3984
4568 3984
4569 3984
4570 3984
4571 3984
4572 3984
4573 3984
4574 3984
4575 1181
4576 1181
4577 1181
4578 1181
4579 1181
4580 1181
4581 1181
4582 1181
4583 1181
4584 1181
4585 1181
4586 1181
4587 1181
4588 1181
4589 1181
4590 1181
4591 1181
4592 1181
4593 1181
4594 1181
4595 1181
4596 1181
4597 1181
4598 1181
4599 1181
4600 1181
4601 1181
4602 1181
4603 1181
4604 1181
4605 1181
4606 1181
4607 1181
4608 1181
4609 1181
4610 1181
4611 1181
4612 3345
4613 1181
4614 1181
4615 1181
4616 1181
4617 1181
4618 1181
4619 1181
4620 1181
4621 1181
4622 3345
4623 3345
4624 1181
4625 1181
4626 1181
4627 1181
4628 1181
4629 1181
4630 1181
4631 1181
4632 1181
4633 1181
4634 1181
4635 1181
4636 1181
4637 1181
4638 1181
4639 1181
4640 1181
4641 1181
4642 1181
4643 1181
4644 1181
4645 1181
4646 1181
4647 1181
4648 1181
4649 1181
4650 1181
4651 1181
4652 1181
4653 1181
4654 1181
4655 1181
4656 1181
4657 1181
4658 1181
4659 1181
4660 1181
4661 1181
4662 1181
4663 1181
4664 1181
4665 1181
4666 1181
4667 1181
4668 1181
4669 1181
4670 1181
4671 1181
4672 1181
4673 1181
4674 1181
4675 1181
4676 1181
4677 1181
4678 1181
4679 1181
4680 1181
4681 1181
4682 1181
4683 1181
4684 1181
4685 1181
4686 1181
4687 1181
4688 1181
4689 1181
4690 1181
4691 1181
4692 1181
4693 1181
4694 1181
4695 1181
4696 1181
4697 1181
4698 1181
4699 1181
4700 1181
4701 1181
4702 1181
4703 1181
4704 1181
4705 1181
4706 1181
4707 1181
4708 1181
4709 1181
4710 1181
4711 1181
4712 1181
4713 1181
4714 1181
4715 1181
4716 1181
4717 1181
4718 1181
4719 1181
4720 1181
4721 1181
4722 1181
4723 1181
4724 1181
4725 1181
4726 1181
4727 1181
4728 1181
4729 1181
4730 1181
4731 1181
4732 1181
4733 1181
4734 1181
4735 1181
4736 1181
4737 1181
4738 1181
4739 1181
4740 1181
4741 1181
4742 1181
4743 1181
4744 1181
4745 1181
4746 1181
4747 1181
4748 1181
4749 1181
4750 1181
4751 1181
4752 1181
4753 1181
4754 1181
4755 1181
4756 1181
4757 1181
4758 3345
4759 3345
4760 3345
4761 3345
4762 3345
4763 3345
4764 3345
4765 3345
4766 3345
4767 3345
4768 3345
4769 3345
4770 3345
4771 3345
4772 3345
4773 3345
4774 3345
4775 3345
4776 3345
4777 3345
4778 3345
4779 3345
4780 3345
4781 3345
4782 3345
4783 3345
4784 3345
4785 3345
4786 3345
4787 3345
4788 3345
4789 3345
4790 3345
4791 3345
4792 3345
4793 3345
4794 3345
4795 3345
4796 3345
4797 3345
4798 3345
4799 3345
4800 3345
4801 3345
4802 3345
4803 3345
4804 3345
4805 3345
4806 3345
4807 3345
4808 3345
4809 3345
4810 3345
4811 3345
4812 3345
4813 3345
4814 3345
4815 3345
4816 3345
4817 3345
4818 3345
4819 3345
4820 3345
4821 3345
4822 3345
4823 3345
4824 3345
4825 3345
4826 3345
4827 3345
4828 3345
4829 3345
4830 3345
4831 3345
4832 3345
4833 3345
4834 3345
4835 3345
4836 3345
4837 3345
4838 3345
4839 3345
4840 3345
4841 3345
4842 3345
4843 3345
4844 3345
4845 3345
4846 3345
4847 3345
4848 3345
4849 3345
4850 3345
4851 3345
4852 3345
4853 3345
4854 3345
4855 3345
4856 3345
4857 3345
4858 3345
4859 3345
4860 3345
4861 3345
4862 3345
4863 3345
4864 3345
4865 3345
4866 3345
4867 3345
4868 3345
4869 3345
4870 3345
4871 3345
4872 3345
4873 3345
4874 3345
4875 1181
4876 3345
4877 3345
4878 3345
4879 3345
4880 3345
4881 1810
4882 1810
4883 1810
4884 1810
4885 1810
4886 1810
4887 1810
4888 1810
4889 1810
4890 1810
4891 1810
4892 1810
4893 1810
4894 1810
4895 1810
4896 1810
4897 1810
4898 1810
4899 1810
4900 1810
4901 1810
4902 1810
4903 1810
4904 1810
4905 1810
4906 1810
4907 1810
4908 1810
4909 1810
4910 1810
4911 1810
4912 1855
4913 1855
4914 1855
4915 1855
4916 1855
4917 1855
4918 1855
4919 1855
4920 1855
4921 1855
4922 1855
4923 1810
4924 1855
4925 1855
4926 1855
4927 1855
4928 1855
4929 1855
4930 1855
4931 1855
4932 1855
4933 1855
4934 1855
4935 1855
4936 1855
4937 1810
4938 1855
4939 1855
4940 1855
4941 1855
4942 1855
4943 1855
4944 1855
4945 1855
4946 1810
4947 1855
4948 1855
4949 1855
4950 1855
4951 1855
4952 1855
4953 1855
4954 1855
4955 1855
4956 1855
4957 1855
4958 1855
4959 1810
4960 1810
4961 1810
4962 1810
4963 1810
4964 1810
4965 1810
4966 1810
4967 1810
4968 1810
4969 1810
4970 1810
4971 1810
4972 1810
4973 1810
4974 1810
4975 1810
4976 1810
4977 1810
4978 1810
4979 1810
4980 1810
4981 1810
4982 1810
4983 1810
4984 1810
4985 1810
4986 1855
4987 1810
4988 1810
4989 1810
4990 1810
4991 1810
4992 1810
4993 1810
4994 1810
4995 1810
4996 1810
4997 1810
4998 1855
4999 1810
5000 1810
5001 1810
5002 1810
5003 1855
5004 1810
5005 1810
5006 1810
5007 1810
5008 1810
5009 1810
5010 1810
5011 1810
5012 1810
5013 1810
5014 1810
5015 1810
5016 1810
5017 1810
5018 1810
5019 1810
5020 1810
5021 1810
5022 1810
5023 1810
5024 1810
5025 1810
5026 1810
5027 1810
5028 1810
5029 1810
5030 1810
5031 1810
5032 1810
5033 1810
5034 1810
5035 1810
5036 1810
5037 1810
5038 1810
5039 1810
5040 1810
5041 1810
5042 1810
5043 1810
5044 1181
5045 1181
5046 1181
5047 1181
5048 1181
5049 1181
5050 1181
5051 1181
5052 1181
5053 1181
5054 1181
5055 1181
5056 1181
5057 1181
5058 1181
5059 1181
5060 1181
5061 1181
5062 1181
5063 1181
5064 1181
5065 1181
5066 1181
5067 1181
5068 1181
5069 1181
5070 1181
5071 1181
5072 1181
5073 1181
5074 1181
5075 1181
5076 1181
5077 1181
5078 1181
5079 1181
5080 1181
5081 1181
5082 1181
5083 1181
5084 1181
5085 1181
5086 1181
5087 1181
5088 1181
5089 1181
5090 1181
5091 1181
5092 1181
5093 1181
5094 1181
5095 1181
5096 1181
5097 1181
5098 1181
5099 1181
5100 1181
5101 1181
5102 1181
5103 1181
5104 1181
5105 1181
5106 1181
5107 1181
5108 1181
5109 1181
5110 1181
5111 1181
5112 1181
5113 1181
5114 1181
5115 1181
5116 1181
5117 1181
5118 1181
5119 1181
5120 1181
5121 1181
5122 1181
5123 1181
5124 1181
5125 1181
5126 1181
5127 1181
5128 1181
5129 1181
5130 1181
5131 1181
5132 1181
5133 1181
5134 1181
5135 1181
5136 1181
5137 1181
5138 1181
5139 1181
5140 1181
5141 1181
5142 1181
5143 1181
5144 1181
5145 1181
5146 1181
5147 1181
5148 1181
5149 1181
5150 1181
5151 1181
5152 1181
5153 1181
5154 1181
5155 1181
5156 1181
5157 1181
5158 1181
5159 1181
5160 1181
5161 1181
5162 1181
5163 1181
5164 1181
5165 1181
5166 1181
5167 1181
5168 1181
5169 2
5170 2
5171 2
5172 2
5173 2
5174 2
5175 2
5176 2
5177 2
5178 2
5179 2
5180 2
5181 2
5182 2
5183 2
5184 2
5185 2
5186 2
5187 2
5188 2
5189 2
5190 2
5191 2
5192 2
5193 2
5194 2
5195 2
5196 2
5197 2
5198 2
5199 2
5200 2
5201 1810
5202 1810
5203 1810
5204 1810
5205 1810
5206 1810
5207 1810
5208 1810
5209 1810
5210 1810
5211 1810
5212 1810
5213 2
5214 2
5215 2
5216 2
5217 2
5218 2
5219 2
5220 2
5221 2
5222 2
5223 2
5224 2
5225 2
5226 2
5227 2
5228 2
5229 2
5230 2
5231 2
5232 2
5233 2
5234 2
5235 2
5236 2
5237 1810
5238 2
5239 2
5240 2
5241 2
5242 2
5243 2
5244 2
5245 2
5246 2
5247 2
5248 1810
5249 2
5250 2
5251 1810
5252 2
5253 1810
5254 2
5255 2
5256 1810
5257 2
5258 2
5259 2
5260 2
5261 2
5262 2
5263 2
5264 2
5265 2
5266 2
5267 2
5268 2
5269 2
5270 2
5271 1810
5272 2
5273 2
5274 2
5275 2
5276 2
5277 2
5278 1810
5279 2
5280 2
5281 2
5282 2
5283 2
5284 2
5285 2
5286 2
5287 2
5288 2
5289 2
5290 1810
5291 1810
5292 1810
5293 1810
5294 1810
5295 1810
5296 1810
5297 1810
5298 1810
5299 1810
5300 1810
5301 1810
5302 1810
5303 1810
5304 1810
5305 1810
5306 1810
5307 1810
5308 1810
5309 1810
5310 1810
5311 1810
5312 1810
5313 1810
5314 1810
5315 1810
5316 1810
5317 1810
5318 1810
5319 1810
5320 1810
5321 1810
5322 1810
5323 1810
5324 1810
5325 1810
5326 1810
5327 1810
5328 1810
5329 1810
5330 1810
5331 1810
5332 1810
5333 1810
5334 1810
5335 1810
5336 1810
5337 1855
5338 1855
5339 1855
5340 1855
5341 1855
5342 1855
5343 1855
5344 1855
5345 1855
5346 1855
5347 1855
5348 1855
5349 1855
5350 1855
5351 1855
5352 1855
5353 1855
5354 1855
5355 1855
5356 1855
5357 1855
5358 1855
5359 1855
5360 1855
5361 1855
5362 1855
5363 1855
5364 1855
5365 1855
5366 1855
5367 1855
5368 1855
5369 1855
5370 1855
5371 1855
5372 1855
5373 1855
5374 1855
5375 1855
5376 1855
5377 1855
5378 1855
5379 1855
5380 1855
5381 1855
5382 1855
5383 1855
5384 1855
5385 1855
5386 1855
5387 1855
5388 1855
5389 1855
5390 1855
5391 1855
5392 1855
5393 1855
5394 1855
5395 1855
5396 1855
5397 1855
5398 1855
5399 1855
5400 1855
5401 1855
5402 1855
5403 1855
5404 1855
5405 1855
5406 1855
5407 1855
5408 1855
5409 1855
5410 1855
5411 1855
5412 1855
5413 1855
5414 1855
5415 1855
5416 1855
5417 1855
5418 1855
5419 1855
5420 1855
5421 1855
5422 1855
5423 1855
5424 1855
5425 1855
5426 1855
5427 1855
5428 1855
5429 1855
5430 1855
5431 1855
5432 1855
5433 1855
5434 1855
5435 1855
5436 1855
5437 1855
5438 1855
5439 1855
5440 1855
5441 1855
5442 1855
5443 1855
5444 1855
5445 1855
5446 1810
5447 1810
5448 1855
5449 1855
5450 1810
5451 1810
5452 1855
5453 1855
5454 1810
5455 1810
5456 1810
5457 1810
5458 1810
5459 1855
5460 1810
5461 1855
5462 1810
5463 1810
5464 1810
5465 1810
5466 1810
5467 1810
5468 1810
5469 1855
5470 1855
5471 1810
5472 1810
5473 1810
5474 1855
5475 1855
5476 1855
5477 1855
5478 1855
5479 1855
5480 1855
5481 1855
5482 1855
5483 1855
5484 1855
5485 1855
5486 1855
5487 1855
5488 1855
5489 1855
5490 1855
5491 1855
5492 1855
5493 1855
5494 1855
5495 1855
5496 1855
5497 1855
5498 1855
5499 1855
5500 1855
5501 1855
5502 1855
5503 1855
5504 1855
5505 1855
5506 1855
5507 1855
5508 1855
5509 1855
5510 1855
5511 1855
5512 1855
5513 1855
5514 1855
5515 1855
5516 1181
5517 1181
5518 1181
5519 1181
5520 1181
5521 1181
5522 1181
5523 1181
5524 1181
5525 1181
5526 1181
5527 1181
5528 1181
5529 1181
5530 1181
5531 1181
5532 1181
5533 1181
5534 1181
5535 1181
5536 1181
5537 1181
5538 1181
5539 1181
5540 1181
5541 1181
5542 1181
5543 1181
5544 1181
5545 1181
5546 1181
5547 1181
5548 1181
5549 1181
5550 1181
5551 1181
5552 1181
5553 1181
5554 1181
5555 1181
5556 1181
5557 1181
5558 1181
5559 1181
5560 1181
5561 1181
5562 1181
5563 1181
5564 1181
5565 1181
5566 1181
5567 1181
5568 1181
5569 1181
5570 1181
5571 1181
5572 1181
5573 1181
5574 1181
5575 1181
5576 1181
5577 1181
5578 1181
5579 1181
5580 1181
5581 1181
5582 1181
5583 1181
5584 1181
5585 1181
5586 1181
5587 1181
5588 1181
5589 1181
5590 1181
5591 1181
5592 1181
5593 1181
5594 1181
5595 1181
5596 1181
5597 1181
5598 1181
5599 1181
5600 1181
5601 1181
5602 1181
5603 1181
5604 1181
5605 1181
5606 1181
5607 1181
5608 1181
5609 1181
5610 1181
5611 1181
5612 1181
5613 1181
5614 1181
5615 1181
5616 1181
5617 1181
5618 1181
5619 1181
5620 1181
5621 1181
5622 1181
5623 1181
5624 1181
5625 1181
5626 1181
5627 1181
5628 1181
5629 1181
5630 1181
5631 1181
5632 1181
5633 1181
5634 1181
5635 1181
5636 1181
5637 1181
5638 1181
5639 1181
5640 1181
5641 1181
5642 1181
5643 1181
5644 1181
5645 1181
5646 1181
5647 1181
5648 1181
5649 1181
5650 1181
5651 1181
5652 1181
5653 1181
5654 1181
5655 1181
5656 1181
5657 1181
5658 1181
5659 1181
5660 1181
5661 1181
5662 1181
5663 1181
5664 1181
5665 1181
5666 1181
5667 1181
5668 1181
5669 1181
5670 1181
5671 1181
5672 1181
5673 1181
5674 1181
5675 1181
5676 1181
5677 1181
5678 1181
5679 1181
5680 1181
5681 1181
5682 1181
5683 1181
5684 1181
5685 1181
5686 1181
5687 1181
5688 1181
5689 1181
5690 1181
5691 1181
5692 1181
5693 1181
5694 1181
5695 1181
5696 1181
5697 1181
5698 1181
5699 1181
5700 1181
5701 1181
5702 1181
5703 1181
5704 1181
5705 1181
5706 1181
5707 1181
5708 1181
5709 1181
5710 1181
5711 1181
5712 1181
5713 1181
5714 1181
5715 1181
5716 1181
5717 1181
5718 1181
5719 1181
5720 1181
5721 1181
5722 1181
5723 1181
5724 1181
5725 1181
5726 1181
5727 1181
5728 1181
5729 1181
5730 1181
5731 1181
5732 1181
5733 1181
5734 1181
5735 1181
5736 1181
5737 1181
5738 1181
5739 1181
5740 1181
5741 1181
5742 1181
5743 1181
5744 1181
5745 1181
5746 1181
5747 1181
5748 1181
5749 1181
5750 1181
5751 1181
5752 1181
5753 1181
5754 1181
5755 1181
5756 1181
5757 1181
5758 1181
5759 1181
5760 1181
5761 1181
5762 1181
5763 1181
5764 1181
5765 1181
5766 1181
5767 1181
5768 1181
5769 1181
5770 1181
5771 1181
5772 1181
5773 1181
5774 1181
5775 1181
5776 1181
5777 1181
5778 1181
5779 1181
5780 1181
5781 1181
5782 1181
5783 1181
5784 1181
5785 1181
5786 1181
5787 1181
5788 1181
5789 1181
5790 1181
5791 1181
5792 1181
5793 1181
5794 1181
5795 1181
5796 1181
5797 1181
5798 1181
5799 1181
5800 1181
5801 1181
5802 1181
5803 1181
5804 1181
5805 1181
5806 1181
5807 1181
5808 1181
5809 1181
5810 1181
5811 1181
5812 1181
5813 1181
5814 1181
5815 1181
5816 1181
5817 1181
5818 1181
5819 1181
5820 1181
5821 1181
5822 1181
5823 1181
5824 1181
5825 1181
5826 1181
5827 1181
5828 1181
5829 1181
5830 1181
5831 1181
5832 1181
5833 1181
5834 1181
5835 1181
5836 1181
5837 1181
5838 1181
5839 1181
5840 1181
5841 1181
5842 2235
5843 2235
5844 2235
5845 2235
5846 2235
5847 2235
5848 2235
5849 2235
5850 2235
5851 2235
5852 2235
5853 2235
5854 2235
5855 2235
5856 2235
5857 2235
5858 2235
5859 2235
5860 2235
5861 2235
5862 2235
5863 2235
5864 2235
5865 2235
5866 2235
5867 2235
5868 2235
5869 2235
5870 2235
5871 2235
5872 2235
5873 2235
5874 2235
5875 2235
5876 2235
5877 2235
5878 2235
5879 2235
5880 2235
5881 2235
5882 2235
5883 2235
5884 2235
5885 2235
5886 2235
5887 2235
5888 2235
5889 2235
5890 2235
5891 2235
5892 2235
5893 2235
5894 2235
5895 2235
5896 2235
5897 2235
5898 2235
5899 2235
5900 2235
5901 2235
5902 2235
5903 2235
5904 2235
5905 2235
5906 2235
5907 2235
5908 2235
5909 2235
5910 2235
5911 2235
5912 2235
5913 2235
5914 2235
5915 2235
5916 2235
5917 2235
5918 2235
5919 2235
5920 2235
5921 2235
5922 2235
5923 2235
5924 2235
5925 2235
5926 2235
5927 2235
5928 2235
5929 2235
5930 2235
5931 2235
5932 2235
5933 2235
5934 2235
5935 2235
5936 2235
5937 2235
5938 2235
5939 2235
5940 2235
5941 2235
5942 2235
5943 2235
5944 2235
5945 2235
5946 2235
5947 2235
5948 2235
5949 2235
5950 2235
5951 2235
5952 2235
5953 2235
5954 2235
5955 2235
5956 2235
5957 2235
5958 2235
5959 2235
5960 2235
5961 2235
5962 2235
5963 2235
5964 2235
5965 2235
5966 2235
5967 2235
5968 2235
5969 2235
5970 2235
5971 2235
5972 2235
5973 2235
5974 2235
5975 2235
5976 2235
5977 1224
5978 1224
5979 1224
5980 1224
5981 1224
5982 1224
5983 1224
5984 1224
5985 1224
5986 1224
5987 1224
5988 1224
5989 1224
5990 1224
5991 1224
5992 1224
5993 1224
5994 1224
5995 1224
5996 1224
5997 1224
5998 1224
5999 1224
6000 1224
6001 1224
6002 1224
6003 1224
6004 1224
6005 1224
6006 1224
6007 1224
6008 1224
6009 1224
6010 1224
6011 1224
6012 1224
6013 1224
6014 1224
6015 1224
6016 1224
6017 1224
6018 1224
6019 1224
6020 1224
6021 1224
6022 1224
6023 1224
6024 1224
6025 1224
6026 1224
6027 1224
6028 1224
6029 1224
6030 1224
6031 1224
6032 1224
6033 1224
6034 1224
6035 1224
6036 1224
6037 1224
6038 1224
6039 1224
6040 1224
6041 1224
6042 1224
6043 1224
6044 1224
6045 1224
6046 1224
6047 1224
6048 1224
6049 1224
6050 1224
6051 1224
6052 1224
6053 1224
6054 1224
6055 1224
6056 1224
6057 1224
6058 1224
6059 1224
6060 1224
6061 1224
6062 1224
6063 1224
6064 1224
6065 1224
6066 1224
6067 1224
6068 1224
6069 1224
6070 1224
6071 1224
6072 1224
6073 1224
6074 1224
6075 1224
6076 1224
6077 1224
6078 1177
6079 1177
6080 1177
6081 1177
6082 1177
6083 1177
6084 1177
6085 1177
6086 1177
6087 1177
6088 1177
6089 1177
6090 1177
6091 1177
6092 1177
6093 1177
6094 1177
6095 1177
6096 1177
6097 1177
6098 1177
6099 1177
6100 1177
6101 1177
6102 3345
6103 1177
6104 1177
6105 1177
6106 1177
6107 1177
6108 1177
6109 1177
6110 1177
6111 1177
6112 1177
6113 1177
6114 1177
6115 1177
6116 1177
6117 1177
6118 1177
6119 1177
6120 1177
6121 1177
6122 1177
6123 1177
6124 1177
6125 1177
6126 1177
6127 1177
6128 1177
6129 1177
6130 1177
6131 1177
6132 1177
6133 1177
6134 1177
6135 1177
6136 1177
6137 1177
6138 1177
6139 1177
6140 1177
6141 1177
6142 1177
6143 1177
6144 1177
6145 1177
6146 1177
6147 1177
6148 1177
6149 1177
6150 1177
6151 1177
6152 1177
6153 1177
6154 1177
6155 1177
6156 1177
6157 1177
6158 1177
6159 1177
6160 1177
6161 1177
6162 1177
6163 1177
6164 1177
6165 1177
6166 1177
6167 1177
6168 1177
6169 1177
6170 1177
6171 1177
6172 1177
6173 1177
6174 1177
6175 1177
6176 1177
6177 1177
6178 1177
6179 1177
6180 1177
6181 1177
6182 1177
6183 1177
6184 1177
6185 1177
6186 1177
6187 1177
6188 1177
6189 1177
6190 1177
6191 1177
6192 1177
6193 1177
6194 1177
6195 1177
6196 1177
6197 1177
6198 1177
6199 1177
6200 1177
6201 1177
6202 1177
6203 1177
6204 1177
6205 1177
6206 1177
6207 1177
6208 1177
6209 1177
6210 1177
6211 1177
6212 1177
6213 1177
6214 1177
6215 1177
6216 1177
6217 1177
6218 1177
6219 1177
6220 1177
6221 1177
6222 1177
6223 1177
6224 1177
6225 1177
6226 1177
6227 1177
6228 1177
6229 1177
6230 1177
6231 1177
6232 1177
6233 1177
6234 1177
6235 1177
6236 1177
6237 1177
6238 1177
6239 1177
6240 1177
6241 1177
6242 1177
6243 1177
6244 1177
6245 1177
6246 1177
6247 1177
6248 1177
6249 1177
6250 1177
6251 1177
6252 1177
6253 1177
6254 1177
6255 1177
6256 1177
6257 1177
6258 1177
6259 1177
6260 1177
6261 1177
6262 1177
6263 1177
6264 1177
6265 1177
6266 1177
6267 1177
6268 1177
6269 1177
6270 1177
6271 1177
6272 1177
6273 1177
6274 1177
6275 1177
6276 1177
6277 1177
6278 1177
6279 1177
6280 1177
6281 1177
6282 1177
6283 1177
6284 1177
6285 1177
6286 1177
6287 1177
6288 1177
6289 1177
6290 1177
6291 1177
6292 1177
6293 1177
6294 1177
6295 1177
6296 3977
6297 1177
6298 1177
6299 1177
6300 1177
6301 1177
6302 1177
6303 1177
6304 1177
6305 1177
6306 1177
6307 1177
6308 1177
6309 1177
6310 1177
6311 1177
6312 1177
6313 1177
6314 1177
6315 1177
6316 1177
6317 1177
6318 3345
6319 1177
6320 1177
6321 1177
6322 1177
6323 1177
6324 1177
6325 1177
6326 1177
6327 1177
6328 3345
6329 1177
6330 3345
6331 3345
6332 3345
6333 1177
6334 1177
6335 1177
6336 1177
6337 1177
6338 1177
6339 3345
6340 1177
6341 1177
6342 1177
6343 3345
6344 3345
6345 1181
6346 1181
6347 1181
6348 1181
6349 1181
6350 1181
6351 1181
6352 1181
6353 1181
6354 1181
6355 1181
6356 1181
6357 1181
6358 1181
6359 1181
6360 1181
6361 1181
6362 1181
6363 1181
6364 1181
6365 1181
6366 1181
6367 1181
6368 1181
6369 1181
6370 1181
6371 1181
6372 1181
6373 1181
6374 1181
6375 1181
6376 1181
6377 1181
6378 1181
6379 1181
6380 1181
6381 1181
6382 1181
6383 1181
6384 1181
6385 1181
6386 1181
6387 1181
6388 1181
6389 1181
6390 1181
6391 1181
6392 1181
6393 1181
6394 1181
6395 1181
6396 1181
6397 1181
6398 1181
6399 1181
6400 1181
6401 1181
6402 1181
6403 1181
6404 1181
6405 1181
6406 1181
6407 1181
6408 1181
6409 1181
6410 1181
6411 1181
6412 1181
6413 1181
6414 1181
6415 1181
6416 1181
6417 1181
6418 1181
6419 1181
6420 1181
6421 1181
6422 1181
6423 1181
6424 1181
6425 1181
6426 1181
6427 1181
6428 1181
6429 1181
6430 1181
6431 1181
6432 1181
6433 1181
6434 1181
6435 1181
6436 1181
6437 1181
6438 1181
6439 1181
6440 1181
6441 1181
6442 1181
6443 1181
6444 1181
6445 1181
6446 1181
6447 1181
6448 1181
6449 1181
6450 1181
6451 1181
6452 1181
6453 1181
6454 1181
6455 1181
6456 1181
6457 1181
6458 1181
6459 1181
6460 1181
6461 1181
6462 1181
6463 1181
6464 1181
6465 1181
6466 1181
6467 1181
6468 1181
6469 1181
6470 1181
6471 1181
6472 1181
6473 1181
6474 1181
6475 1181
6476 1181
6477 1181
6478 1181
6479 1181
6480 1181
6481 1181
6482 1181
6483 1181
6484 1181
6485 1181
6486 1181
6487 1181
6488 1181
6489 1181
6490 1181
6491 1181
6492 1181
6493 1181
6494 1181
6495 1181
6496 1181
6497 1181
6498 1181
6499 1181
6500 1181
6501 1181
6502 1181
6503 1181
6504 1181
6505 1181
6506 1181
6507 1181
6508 1181
6509 1181
6510 1181
6511 1181
6512 1181
6513 1181
6514 1181
6515 1181
6516 1181
6517 1181
6518 1181
6519 1181
6520 1181
6521 1181
6522 1181
6523 1181
6524 1181
6525 1181
6526 1181
6527 1181
6528 1181
6529 1181
6530 1181
6531 1181
6532 1181
6533 1181
6534 1181
6535 1181
6536 1181
6537 1181
6538 1181
6539 1181
6540 1181
6541 1181
6542 1181
6543 1181
6544 1181
6545 1181
6546 1181
6547 1181
6548 1181
6549 1181
6550 1181
6551 1181
6552 1181
6553 1181
6554 1181
6555 1181
6556 1181
6557 1181
6558 1181
6559 1181
6560 1181
6561 1181
6562 1181
6563 1181
6564 1181
6565 1181
6566 1181
6567 1181
6568 1181
6569 1181
6570 1181
6571 1181
6572 1181
6573 1181
6574 1181
6575 1181
6576 1181
6577 1181
6578 1181
6579 1181
6580 1181
6581 1181
6582 1181
6583 1181
6584 1181
6585 1181
6586 1181
6587 1181
6588 1181
6589 1181
6590 1181
6591 1181
6592 1181
6593 1181
6594 1181
6595 1181
6596 1181
6597 1181
6598 1181
6599 1181
6600 1181
6601 1181
6602 1181
6603 1181
6604 1181
6605 1181
6606 1181
6607 1181
6608 1181
6609 1181
6610 1181
6611 1181
6612 1181
6613 1181
6614 1181
6615 1181
6616 1181
6617 1181
6618 1181
6619 1181
6620 1181
6621 1181
6622 1181
6623 1181
6624 1181
6625 1181
6626 1181
6627 1181
6628 1181
6629 1181
6630 1181
6631 1181
6632 1181
6633 1181
6634 1181
6635 1181
6636 1181
6637 1181
6638 1181
6639 1181
6640 1181
6641 1181
6642 1181
6643 1181
6644 1181
6645 1181
6646 1181
6647 1181
6648 1181
6649 1181
6650 1181
6651 1181
6652 1181
6653 1181
6654 1181
6655 1181
6656 1181
6657 1181
6658 1181
6659 1181
6660 1181
6661 1181
6662 1181
6663 1181
6664 1181
6665 1181
6666 1181
6667 1181
6668 1181
6669 1181
6670 1181
6671 1181
6672 1181
6673 1181
6674 1181
6675 1181
6676 1181
6677 1181
6678 1181
6679 1181
6680 1181
6681 1181
6682 1181
6683 1181
6684 1181
6685 1181
6686 1181
6687 1181
6688 1181
6689 1181
6690 1181
6691 1181
6692 1181
6693 1181
6694 1181
6695 1181
6696 1181
6697 1181
6698 1181
6699 1181
6700 1181
6701 1181
6702 1181
6703 1181
6704 1181
6705 1181
6706 1181
6707 1181
6708 1181
6709 1181
6710 1181
6711 1181
6712 1181
6713 1181
6714 1181
6715 1181
6716 1181
6717 1181
6718 1181
6719 1181
6720 1181
6721 1181
6722 1181
6723 1181
6724 1181
6725 1181
6726 1181
6727 1181
6728 1181
6729 1181
6730 1181
6731 1181
6732 1181
6733 1181
6734 1181
6735 1181
6736 1177
6737 1177
6738 1177
6739 1177
6740 1177
6741 1177
6742 1177
6743 1177
6744 1177
6745 1177
6746 1177
6747 1177
6748 1177
6749 1181
6750 1181
6751 1181
6752 1181
6753 1181
6754 1181
6755 1181
6756 1181
6757 1181
6758 1181
6759 1181
6760 1181
6761 1181
6762 1181
6763 1181
6764 1181
6765 1181
6766 1181
6767 1181
6768 1181
6769 1181
6770 1181
6771 1181
6772 1181
6773 1181
6774 1181
6775 1181
6776 1177
6777 1177
6778 1177
6779 1177
6780 1177
6781 1181
6782 1181
6783 1181
6784 1177
6785 1181
6786 1181
6787 1177
6788 1181
6789 1181
6790 1181
6791 1181
6792 1177
6793 1181
6794 1181
6795 1177
6796 1181
6797 1177
6798 1177
6799 1181
6800 1181
6801 1177
6802 1181
6803 1181
6804 1177
6805 1181
6806 1181
6807 1181
6808 1181
6809 1181
6810 1181
6811 1181
6812 1181
6813 1181
6814 1181
6815 1181
6816 1181
6817 1181
6818 1181
6819 1181
6820 1181
6821 1181
6822 1181
6823 1181
6824 1181
6825 1181
6826 1181
6827 1181
6828 1181
6829 1181
6830 1181
6831 1181
6832 1181
6833 1181
6834 1181
6835 1181
6836 1181
6837 1181
6838 1181
6839 1181
6840 1181
6841 1181
6842 1181
6843 1181
6844 1181
6845 1181
6846 1181
6847 1181
6848 1181
6849 1181
6850 1181
6851 1181
6852 1181
6853 1181
6854 1181
6855 1181
6856 1181
6857 1181
6858 1181
6859 1181
6860 1181
6861 1181
6862 1181
6863 1181
6864 1181
6865 1181
6866 1181
6867 1181
6868 1181
6869 1181
6870 1181
6871 1181
6872 1181
6873 1181
6874 1181
6875 1181
6876 1181
6877 1181
6878 1181
6879 1181
6880 1181
6881 1181
6882 1181
6883 1181
6884 1181
6885 1181
6886 1181
6887 1181
6888 1181
6889 1181
6890 1181
6891 1181
6892 1181
6893 1181
6894 1181
6895 1181
6896 1181
6897 1181
6898 1181
6899 1181
6900 1181
6901 1181
6902 1181
6903 1181
6904 1181
6905 1181
6906 1181
6907 1181
6908 1181
6909 1181
6910 1181
6911 1181
6912 1181
6913 1181
6914 1181
6915 1181
6916 1181
6917 1181
6918 1181
6919 1181
6920 1181
6921 1181
6922 1177
6923 1181
6924 1181
6925 1181
6926 1181
6927 1181
6928 1181
6929 1224
6930 1224
6931 1224
6932 1224
6933 1224
6934 1224
6935 1224
6936 1224
6937 1224
6938 1224
6939 1224
6940 1224
6941 1224
6942 1224
6943 1224
6944 1224
6945 1224
6946 1224
6947 1224
6948 1224
6949 1224
6950 1224
6951 1224
6952 1224
6953 1224
6954 1224
6955 1224
6956 1224
6957 1224
6958 1224
6959 1224
6960 1224
6961 1224
6962 1224
6963 1224
6964 1224
6965 1224
6966 1224
6967 1224
6968 1224
6969 1224
6970 1224
6971 1224
6972 1224
6973 1224
6974 1224
6975 1224
6976 1224
6977 1224
6978 1224
6979 1224
6980 1224
6981 1224
6982 1224
6983 1224
6984 1224
6985 1224
6986 1224
6987 1224
6988 1224
6989 1224
6990 1224
6991 1224
6992 1177
6993 1224
6994 1224
6995 1224
6996 1224
6997 1224
6998 1224
6999 1224
7000 1224
7001 1224
7002 1224
7003 1224
7004 1224
7005 1224
7006 1224
7007 1224
7008 1224
7009 1224
7010 1224
7011 1224
7012 1224
7013 1224
7014 1224
7015 1224
7016 1224
7017 1224
7018 1224
7019 1224
7020 1224
7021 1224
7022 1224
7023 1224
7024 1224
7025 1224
7026 1224
7027 1224
7028 1224
7029 1224
7030 1224
7031 1224
7032 1224
7033 1224
7034 1224
7035 1224
7036 1224
7037 1224
7038 1224
7039 1224
7040 1224
7041 1224
7042 1224
7043 1224
7044 1224
7045 1224
7046 1224
7047 1224
7048 1224
7049 1224
7050 1224
7051 1224
7052 1224
7053 1224
7054 1224
7055 1224
7056 1224
7057 1224
7058 1224
7059 1224
7060 1224
7061 1224
7062 1224
7063 1224
7064 1224
7065 1224
7066 1224
7067 1224
7068 1224
7069 1224
7070 1224
7071 1224
7072 1224
7073 1224
7074 1224
7075 1224
7076 1224
7077 1224
7078 1224
7079 1224
7080 1224
7081 1224
7082 1224
7083 1224
7084 1224
7085 1224
7086 1224
7087 1224
7088 1224
7089 1224
7090 1224
7091 1224
7092 1224
7093 1224
7094 1224
7095 1224
7096 1224
7097 1224
7098 1224
7099 1224
7100 1224
7101 1224
7102 1224
7103 1224
7104 1224
7105 1224
7106 1224
7107 1224
7108 1224
7109 1224
7110 1224
7111 1224
7112 1224
7113 1224
7114 1224
7115 1224
7116 1224
7117 1224
7118 1224
7119 1224
7120 1224
7121 1224
7122 1224
7123 1224
7124 1224
7125 1224
7126 1224
7127 1224
7128 1224
7129 1224
7130 1224
7131 1224
7132 1224
7133 1224
7134 1224
7135 1224
7136 1224
7137 1224
7138 1224
7139 1224
7140 1224
7141 1224
7142 1224
7143 1224
7144 1224
7145 1224
7146 1224
7147 1224
7148 1224
7149 1224
7150 1224
7151 1224
7152 1224
7153 1224
7154 1224
7155 1224
7156 1224
7157 1224
7158 1224
7159 1224
7160 1224
7161 1224
7162 1224
7163 1224
7164 1224
7165 1224
7166 1224
7167 1224
7168 1224
7169 1224
7170 1224
7171 1224
7172 1224
7173 1224
7174 1224
7175 1224
7176 1224
7177 1224
7178 1224
7179 1224
7180 1224
7181 1224
7182 1224
7183 1224
7184 1224
7185 1224
7186 1224
7187 1224
7188 1224
7189 1224
7190 1224
7191 1224
7192 1224
7193 1224
7194 1224
7195 1224
7196 1224
7197 1224
7198 1224
7199 1224
7200 1224
7201 1224
7202 1224
7203 1224
7204 1224
7205 1224
7206 1224
7207 1224
7208 1224
7209 1224
7210 1224
7211 1224
7212 1810
7213 1810
7214 1810
7215 1810
7216 1810
7217 1810
7218 1810
7219 1810
7220 1810
7221 1810
7222 1810
7223 1810
7224 1810
7225 1810
7226 1810
7227 1810
7228 1810
7229 1810
7230 1810
7231 1810
7232 1810
7233 1810
7234 1810
7235 1810
7236 1810
7237 1810
7238 1810
7239 1810
7240 1810
7241 1810
7242 1810
7243 1810
7244 1810
7245 1810
7246 1810
7247 1810
7248 1810
7249 1810
7250 1810
7251 1810
7252 1810
7253 1810
7254 1810
7255 1810
7256 1810
7257 1810
7258 1810
7259 1810
7260 1810
7261 1810
7262 1810
7263 1810
7264 1810
7265 1810
7266 1810
7267 1810
7268 1810
7269 1810
7270 1810
7271 1810
7272 1810
7273 1810
7274 1810
7275 1810
7276 1810
7277 1810
7278 1810
7279 1810
7280 1810
7281 1810
7282 1810
7283 1810
7284 1810
7285 1810
7286 1810
7287 1810
7288 1810
7289 1810
7290 1810
7291 1810
7292 1810
7293 1810
7294 1810
7295 1810
7296 1810
7297 1810
7298 1810
7299 1810
7300 1810
7301 1810
7302 1810
7303 1810
7304 1810
7305 1810
7306 1810
7307 1810
7308 1810
7309 1810
7310 1810
7311 1810
7312 1810
7313 1810
7314 1810
7315 1810
7316 1810
7317 1810
7318 1810
7319 1810
7320 1810
7321 1810
7322 1810
7323 1810
7324 1810
7325 1810
7326 1810
7327 1810
7328 1810
7329 1810
7330 1810
7331 1810
7332 1810
7333 1810
7334 1810
7335 1810
7336 1810
7337 1810
7338 1810
7339 1810
7340 1810
7341 1810
7342 1810
7343 1810
7344 1810
7345 1810
7346 1810
7347 1810
7348 1810
7349 1810
7350 1810
7351 1810
7352 1810
7353 1810
7354 1810
7355 1810
7356 1810
7357 1810
7358 1810
7359 1810
7360 1810
7361 1810
7362 1810
7363 1810
7364 1810
7365 1810
7366 1810
7367 1810
7368 1810
7369 1810
7370 1810
7371 1810
7372 1810
7373 1810
7374 1810
7375 1810
7376 1810
7377 1810
7378 1810
7379 1810
7380 1810
7381 1810
7382 1810
7383 1810
7384 1810
7385 1810
7386 1810
7387 1810
7388 1810
7389 1810
7390 1810
7391 1810
7392 1810
7393 1810
7394 1810
7395 1810
7396 1810
7397 1810
7398 1810
7399 1810
7400 1810
7401 1810
7402 1810
7403 1810
7404 1810
7405 1810
7406 1810
7407 1810
7408 1810
7409 1810
7410 1810
7411 1810
7412 1810
7413 1810
7414 1810
7415 1810
7416 1810
7417 1810
7418 1810
7419 1810
7420 1810
7421 1810
7422 1810
7423 1810
7424 1810
7425 1810
7426 1810
7427 1810
7428 1810
7429 1810
7430 1810
7431 1810
7432 1810
7433 1810
7434 1810
7435 1810
7436 1810
7437 1810
7438 1810
7439 1810
7440 1810
7441 1810
7442 1810
7443 1810
7444 1810
7445 1810
7446 1810
7447 1810
7448 1810
7449 1810
7450 1810
7451 1810
7452 1810
7453 1810
7454 1810
7455 1810
7456 1810
7457 1810
7458 1810
7459 1810
7460 1810
7461 1810
7462 1810
7463 1810
7464 1810
7465 1810
7466 1810
7467 1810
7468 1810
7469 1855
7470 1855
7471 1855
7472 1855
7473 1855
7474 1855
7475 1855
7476 1855
7477 1855
7478 1855
7479 1855
7480 1855
7481 1855
7482 1855
7483 1855
7484 1855
7485 1855
7486 1855
7487 1855
7488 1855
7489 1855
7490 1855
7491 1855
7492 1855
7493 1855
7494 1855
7495 1855
7496 1855
7497 1855
7498 1855
7499 1855
7500 1855
7501 1855
7502 1855
7503 1855
7504 1855
7505 1855
7506 1855
7507 1855
7508 1855
7509 1855
7510 1855
7511 1855
7512 1855
7513 1855
7514 1855
7515 1855
7516 1855
7517 1855
7518 1855
7519 1855
7520 1855
7521 1855
7522 1855
7523 1855
7524 1855
7525 1855
7526 1855
7527 1855
7528 1855
7529 1855
7530 1855
7531 1855
7532 1855
7533 1855
7534 1855
7535 1855
7536 1855
7537 1855
7538 1855
7539 1855
7540 1855
7541 1855
7542 1855
7543 1855
7544 1855
7545 1855
7546 1855
7547 1855
7548 1855
7549 1855
7550 1855
7551 1855
7552 1855
7553 1855
7554 1855
7555 1855
7556 1855
7557 1855
7558 1855
7559 1855
7560 1855
7561 1855
7562 1855
7563 1855
7564 1855
7565 1855
7566 1855
7567 1855
7568 1855
7569 1855
7570 1855
7571 1855
7572 1855
7573 1855
7574 1855
7575 1855
7576 1855
7577 1855
7578 1855
7579 1855
7580 1855
7581 1855
7582 1855
7583 1855
7584 1855
7585 1855
7586 1855
7587 1855
7588 1855
7589 1855
7590 1855
7591 1855
7592 1855
7593 1855
7594 1855
7595 1855
7596 1855
7597 1855
7598 1855
7599 1855
7600 1855
7601 1855
7602 1855
7603 1855
7604 1855
7605 1855
7606 1855
7607 1855
7608 1855
7609 1855
7610 1855
7611 1855
7612 1855
7613 1855
7614 1855
7615 1855
7616 1855
7617 1855
7618 1855
7619 1855
7620 1855
7621 1855
7622 1855
7623 1855
7624 1855
7625 1855
7626 1855
7627 1855
7628 1855
7629 1855
7630 1855
7631 1855
7632 1855
7633 1855
7634 1855
7635 1855
7636 1855
7637 1855
7638 1855
7639 1855
7640 1855
7641 1855
7642 1855
7643 1855
7644 1855
7645 1855
7646 1855
7647 1855
7648 1855
7649 1855
7650 1855
7651 1855
7652 1855
7653 1855
7654 1855
7655 1855
7656 1855
7657 1855
7658 1855
7659 1855
7660 1855
7661 1855
7662 1855
7663 1855
7664 1855
7665 1855
7666 1855
7667 1855
7668 1855
7669 1855
7670 1855
7671 1855
7672 1855
7673 1855
7674 1855
7675 1855
7676 1855
7677 1855
7678 1855
7679 1855
7680 1855
7681 1855
7682 1855
7683 1855
7684 1855
7685 1855
7686 1855
7687 1855
7688 1855
7689 1855
7690 1855
7691 1855
7692 1855
7693 1855
7694 1855
7695 1855
7696 1855
7697 1855
7698 1855
7699 1855
7700 1855
7701 1855
7702 1855
7703 1855
7704 1855
7705 1855
7706 1855
7707 1855
7708 1855
7709 1855
7710 1855
7711 1855
7712 1855
7713 1855
7714 1855
7715 1855
7716 1855
7717 1855
7718 1855
7719 1855
7720 1855
7721 1855
7722 1855
7723 1855
7724 1855
7725 1855
7726 1855
7727 1855
7728 1855
7729 1855
7730 1855
7731 1855
7732 1855
7733 1855
7734 1855
7735 1855
7736 1855
7737 1855
7738 1855
7739 1855
7740 1855
7741 1855
7742 1855
7743 1855
7744 1855
7745 1855
7746 1855
7747 1855
7748 1855
7749 1855
7750 1855
7751 1855
7752 1855
7753 1855
7754 1855
7755 1855
7756 1855
7757 1855
7758 1855
7759 1855
7760 1855
7761 1855
7762 1855
7763 1855
7764 1855
7765 1855
7766 1855
7767 1855
7768 1855
7769 1855
7770 1855
7771 1855
7772 1855
7773 1855
7774 1855
7775 1855
7776 1855
7777 1855
7778 1855
7779 1855
7780 1855
7781 1855
7782 1855
7783 1855
7784 1855
7785 1855
7786 1855
7787 1855
7788 1855
7789 1855
7790 1177
7791 1177
7792 1177
7793 3345
7794 1177
7795 1177
7796 1177
7797 3345
7798 1177
7799 1177
7800 3345
7801 3345
7802 3345
7803 3345
7804 3345
7805 3345
7806 3345
7807 1177
7808 1177
7809 3345
7810 3345
7811 2235
7812 1177
7813 3345
7814 3345
7815 3345
7816 3345
7817 3345
7818 1177
7819 1177
7820 1177
7821 3345
7822 3345
7823 3345
7824 1177
7825 3345
7826 1177
7827 1177
7828 1177
7829 1177
7830 1177
7831 1177
7832 1177
7833 1177
7834 1177
7835 1177
7836 1177
7837 1177
7838 1177
7839 1177
7840 1177
7841 1177
7842 1177
7843 1177
7844 1177
7845 1177
7846 1177
7847 1177
7848 1177
7849 1177
7850 1177
7851 1177
7852 1177
7853 1177
7854 1177
7855 1177
7856 1177
7857 1177
7858 1177
7859 1177
7860 1177
7861 1177
7862 1177
7863 1177
7864 1177
7865 1177
7866 1177
7867 1177
7868 1177
7869 1177
7870 3345
7871 3345
7872 3345
7873 3345
7874 3345
7875 3345
7876 3345
7877 3345
7878 3345
7879 3345
7880 3345
7881 3345
7882 3345
7883 3345
7884 3345
7885 3345
7886 3345
7887 3345
7888 3345
7889 3345
7890 3345
7891 3345
7892 3345
7893 3345
7894 3345
7895 3345
7896 3345
7897 3345
7898 3345
7899 3345
7900 3345
7901 3345
7902 3345
7903 3345
7904 3345
7905 3345
7906 3345
7907 3345
7908 3345
7909 3345
7910 3345
7911 3345
7912 1177
7913 1177
7914 1177
7915 1177
7916 1177
7917 1177
7918 1177
7919 1177
7920 1177
7921 1177
7922 1177
7923 1177
7924 3345
7925 1177
7926 1177
7927 1177
7928 1177
7929 1177
7930 1177
7931 1177
7932 1177
7933 1177
7934 1177
7935 1177
7936 1177
7937 1177
7938 1177
7939 3345
7940 1177
7941 1177
7942 1177
7943 1177
7944 1177
7945 1177
7946 1177
7947 1177
7948 1177
7949 1177
7950 1177
7951 1177
7952 1177
7953 1177
7954 1177
7955 1177
7956 1177
7957 1177
7958 1177
7959 1177
7960 1177
7961 1177
7962 1177
7963 1177
7964 1177
7965 1177
7966 1177
7967 1177
7968 1177
7969 1177
7970 1177
7971 1177
7972 1177
7973 1177
7974 1177
7975 1177
7976 1177
7977 1177
7978 1177
7979 1177
7980 1177
7981 1177
7982 1177
7983 1177
7984 1177
7985 1177
7986 1177
7987 1177
7988 1177
7989 1177
7990 1177
7991 1177
7992 1177
7993 1177
7994 1177
7995 3345
7996 1855
7997 1855
7998 3345
7999 3345
8000 3345
8001 3345
8002 3345
8003 3345
8004 3345
8005 3345
8006 1855
8007 3345
8008 1855
8009 1855
8010 1855
8011 1855
8012 3345
8013 3345
8014 1855
8015 3345
8016 1855
8017 1855
8018 1855
8019 1855
8020 3345
8021 1855
8022 1855
8023 3345
8024 3345
8025 3345
8026 3345
8027 3345
8028 1855
8029 1855
8030 3345
8031 1855
8032 3345
8033 3345
8034 1855
8035 3345
8036 3345
8037 3345
8038 3345
8039 3345
8040 3345
8041 3345
8042 3345
8043 3345
8044 3345
8045 3345
8046 3345
8047 3345
8048 3345
8049 3345
8050 3345
8051 3345
8052 3345
8053 3345
8054 3345
8055 3345
8056 3345
8057 3345
8058 3345
8059 3345
8060 3345
8061 3345
8062 3345
8063 3345
8064 3345
8065 3345
8066 3345
8067 3345
8068 3345
8069 3345
8070 3345
8071 3345
8072 3345
8073 1855
8074 3345
8075 3345
8076 3345
8077 3345
8078 3345
8079 3345
8080 3345
8081 3345
8082 3345
8083 3345
8084 3345
8085 3345
8086 3345
8087 1855
8088 3345
8089 3345
8090 3345
8091 1855
8092 3345
8093 3345
8094 3345
8095 3345
8096 3345
8097 3345
8098 1181
8099 3345
8100 3345
8101 1181
8102 1181
8103 1181
8104 3345
8105 3345
8106 1181
8107 3345
8108 3345
8109 1181
8110 3345
8111 3345
8112 3345
8113 3345
8114 3345
8115 1181
8116 3345
8117 1181
8118 1181
8119 3345
8120 3345
8121 1181
8122 3345
8123 3345
8124 3345
8125 3345
8126 3345
8127 3345
8128 3345
8129 3345
8130 3345
8131 3345
8132 3345
8133 3345
8134 3345
8135 3345
8136 3345
8137 3345
8138 3345
8139 3345
8140 3345
8141 3345
8142 3345
8143 3345
8144 3345
8145 2235
8146 2235
8147 1
8148 2235
8149 2235
8150 2235
8151 2235
8152 1
8153 2235
8154 1
8155 2235
8156 1
8157 2235
8158 2235
8159 2235
8160 2235
8161 1
8162 1
8163 1
8164 1
8165 1
8166 1
8167 1
8168 1
8169 1
8170 1
8171 1
8172 1
8173 1
8174 1
8175 1
8176 1
8177 1
8178 2235
8179 2235
8180 2235
8181 2235
8182 2235
8183 2235
8184 2235
8185 2235
8186 2235
8187 2235
8188 2235
8189 2235
8190 2235
8191 2235
8192 2235
8193 2235
8194 2235
8195 2235
8196 2235
8197 2235
8198 2235
8199 2235
8200 2235
8201 2235
8202 2235
8203 2235
8204 2235
8205 2235
8206 2235
8207 2235
8208 2235
8209 2235
8210 2235
8211 2235
8212 2235
8213 2235
8214 2235
8215 2235
8216 2235
8217 2235
8218 2235
8219 3977
8220 2235
8221 2235
8222 2235
8223 2235
8224 2235
8225 2
8226 2
8227 2235
8228 2235
8229 2235
8230 2235
8231 2235
8232 2235
8233 2235
8234 2235
8235 2235
8236 2235
8237 2235
8238 2235
8239 2235
8240 2235
8241 2235
8242 2235
8243 2235
8244 2235
8245 2235
8246 2235
8247 2
8248 2235
8249 2235
8250 2235
8251 2235
8252 2235
8253 2235
8254 2235
8255 2235
8256 2235
8257 2235
8258 2235
8259 2235
8260 2235
8261 2235
8262 2235
8263 2235
8264 2235
8265 1855
8266 1855
8267 1810
8268 1855
8269 1855
8270 1855
8271 1855
8272 1855
8273 1855
8274 1810
8275 1855
8276 1855
8277 1855
8278 1855
8279 1855
8280 1855
8281 1855
8282 1855
8283 1855
8284 1855
8285 2235
8286 2235
8287 2235
8288 1855
8289 1855
8290 2235
8291 1855
8292 1855
8293 1855
8294 2235
8295 2235
8296 1855
8297 1855
8298 1855
8299 2235
8300 1855
8301 2235
8302 1855
8303 1855
8304 1855
8305 2235
8306 2235
8307 1855
8308 1855
8309 1855
8310 1855
8311 1855
8312 1855
8313 1855
8314 1855
8315 1855
8316 1855
8317 1855
8318 1855
8319 1855
8320 1855
8321 1855
8322 1855
8323 1855
8324 1855
8325 1855
8326 1855
8327 1855
8328 1855
8329 1855
8330 1855
8331 1855
8332 1855
8333 1855
8334 1855
8335 1855
8336 1855
8337 1855
8338 1855
8339 1855
8340 1855
8341 1855
8342 1855
8343 1855
8344 1855
8345 1855
8346 1855
8347 1855
8348 1855
8349 1855
8350 2235
8351 2235
8352 2235
8353 2235
8354 2235
8355 2235
8356 2235
8357 1810
8358 1810
8359 2235
8360 1855
8361 1855
8362 2235
8363 1855
8364 2235
8365 2235
8366 2235
8367 2235
8368 2235
8369 2235
8370 2235
8371 1810
8372 2235
8373 1855
8374 1855
8375 1855
8376 1855
8377 1855
8378 1855
8379 1855
8380 1855
8381 1855
8382 1855
8383 1855
8384 1855
8385 1855
8386 1855
8387 1855
8388 1855
8389 1855
8390 1855
8391 1855
8392 1855
8393 1855
8394 1855
8395 1855
8396 2235
8397 1855
8398 1855
8399 1855
8400 1855
8401 1855
8402 1855
8403 1855
8404 1855
8405 1855
8406 1855
8407 1855
8408 1855
8409 1855
8410 1855
8411 1855
8412 1855
8413 1855
8414 1855
8415 1855
8416 1855
8417 1855
8418 1855
8419 1855
8420 1855
8421 1855
8422 1855
8423 1855
8424 1855
8425 1855
8426 1855
8427 1855
8428 1855
8429 1855
8430 1855
8431 1855
8432 1855
8433 1855
8434 1855
8435 1855
8436 1855
8437 1855
8438 1855
8439 1855
8440 1855
8441 1855
8442 1855
8443 1855
8444 1855
8445 1855
8446 1855
8447 1855
8448 1855
8449 1855
8450 1855
8451 1855
8452 1855
8453 1855
8454 1855
8455 1855
8456 1855
8457 1855
8458 1855
8459 1855
8460 1855
8461 1855
8462 1855
8463 1855
8464 1855
8465 1855
8466 1855
8467 1855
8468 1855
8469 1855
8470 1855
8471 1855
8472 1855
8473 1855
8474 1855
8475 1855
8476 1855
8477 1855
8478 1855
8479 1855
8480 1855
8481 1855
8482 1855
8483 1855
8484 1855
8485 1855
8486 1855
8487 1855
8488 1855
8489 1855
8490 1855
8491 1855
8492 1855
8493 1855
8494 1855
8495 1855
8496 1855
8497 1855
8498 1855
8499 1855
8500 1855
8501 1855
8502 1855
8503 1855
8504 1855
8505 1855
8506 1855
8507 1855
8508 1855
8509 1855
8510 1855
8511 1855
8512 1855
8513 1855
8514 1855
8515 1855
8516 1855
8517 1855
8518 1855
8519 1855
8520 1855
8521 1855
8522 1855
8523 1855
8524 1855
8525 1855
8526 1855
8527 1855
8528 1855
8529 1855
8530 1855
8531 1855
8532 1855
8533 1855
8534 1855
8535 1855
8536 1855
8537 1855
8538 1855
8539 1855
8540 1855
8541 1855
8542 1855
8543 1855
8544 1855
8545 1855
8546 1855
8547 1855
8548 1855
8549 1855
8550 1855
8551 1855
8552 1855
8553 1855
8554 1855
8555 1855
8556 1855
8557 1855
8558 1855
8559 1855
8560 1855
8561 1855
8562 1855
8563 1855
8564 1855
8565 1855
8566 1855
8567 1855
8568 1855
8569 1855
8570 1855
8571 1855
8572 1855
8573 1855
8574 1855
8575 1855
8576 1855
8577 1855
8578 1855
8579 1855
8580 1855
8581 1855
8582 1855
8583 1855
8584 1855
8585 1855
8586 1855
8587 1855
8588 1855
8589 1855
8590 1855
8591 1855
8592 1855
8593 1855
8594 1181
8595 1181
8596 1181
8597 1181
8598 1855
8599 1181
8600 1181
8601 1181
8602 1181
8603 1181
8604 1181
8605 1181
8606 1181
8607 1181
8608 1181
8609 1181
8610 1181
8611 1181
8612 1181
8613 1181
8614 1181
8615 1181
8616 1181
8617 1181
8618 1181
8619 1181
8620 1181
8621 1181
8622 1181
8623 1181
8624 1181
8625 1181
8626 1181
8627 1181
8628 1181
8629 1181
8630 1181
8631 1181
8632 1181
8633 1181
8634 1181
8635 1181
8636 1181
8637 1181
8638 1181
8639 1181
8640 1181
8641 1181
8642 1181
8643 1181
8644 1181
8645 1181
8646 1181
8647 1181
8648 1181
8649 1181
8650 1181
8651 1181
8652 1181
8653 1181
8654 1181
8655 1181
8656 1181
8657 1181
8658 1181
8659 1181
8660 1181
8661 1181
8662 1181
8663 1181
8664 1181
8665 1181
8666 1181
8667 1181
8668 1181
8669 1181
8670 1181
8671 1181
8672 1181
8673 1181
8674 1181
8675 1181
8676 1181
8677 1181
8678 1181
8679 1181
8680 1181
8681 1181
8682 1181
8683 1181
8684 1181
8685 1181
8686 1181
8687 1181
8688 1181
8689 1181
8690 1181
8691 1181
8692 1181
8693 1181
8694 1181
8695 1181
8696 1181
8697 1181
8698 1181
8699 1181
8700 1181
8701 1181
8702 1181
8703 1181
8704 1181
8705 1181
8706 1181
8707 1181
8708 1181
8709 1181
8710 1181
8711 1181
8712 1181
8713 1181
8714 1181
8715 1181
8716 1181
8717 1181
8718 1181
8719 1181
8720 1181
8721 1181
8722 1181
8723 1181
8724 1181
8725 1181
8726 1181
8727 1181
8728 1181
8729 1181
8730 1181
8731 1855
8732 1855
8733 1855
8734 1855
8735 1855
8736 1855
8737 1855
8738 1855
8739 1855
8740 1855
8741 1855
8742 1855
8743 1855
8744 1855
8745 1855
8746 1855
8747 1855
8748 1855
8749 1855
8750 1855
8751 1855
8752 1855
8753 1855
8754 1855
8755 1855
8756 1855
8757 1855
8758 1855
8759 1855
8760 1855
8761 1855
8762 1855
8763 1855
8764 1855
8765 1855
8766 1855
8767 1855
8768 1855
8769 1855
8770 1855
8771 1855
8772 1855
8773 1855
8774 1855
8775 1855
8776 1855
8777 1855
8778 1855
8779 1855
8780 1855
8781 1855
8782 1855
8783 1855
8784 1855
8785 1855
8786 1855
8787 1855
8788 1855
8789 1855
8790 1855
8791 1855
8792 1855
8793 1855
8794 1855
8795 1855
8796 1855
8797 1855
8798 1855
8799 1855
8800 1855
8801 1855
8802 1855
8803 1855
8804 1855
8805 1855
8806 1855
8807 1855
8808 1855
8809 1855
8810 1855
8811 1855
8812 1855
8813 1855
8814 1855
8815 1855
8816 1855
8817 1855
8818 1855
8819 1855
8820 1855
8821 1855
8822 1855
8823 1855
8824 1855
8825 1855
8826 1855
8827 1855
8828 1855
8829 1855
8830 1855
8831 1855
8832 1855
8833 1855
8834 1855
8835 1855
8836 1855
8837 1181
8838 1181
8839 1181
8840 1181
8841 1181
8842 1181
8843 1181
8844 1181
8845 1181
8846 1181
8847 1181
8848 1181
8849 1181
8850 1181
8851 1181
8852 1181
8853 1181
8854 1181
8855 1181
8856 1181
8857 1181
8858 1181
8859 1181
8860 1181
8861 1181
8862 1181
8863 1181
8864 1181
8865 1181
8866 1181
8867 1181
8868 1181
8869 1181
8870 1181
8871 1181
8872 1181
8873 1181
8874 1181
8875 1181
8876 1181
8877 1181
8878 1181
8879 1181
8880 1181
8881 1181
8882 1181
8883 1181
8884 1181
8885 1181
8886 1181
8887 1181
8888 1181
8889 1181
8890 1181
8891 1181
8892 1181
8893 1181
8894 1181
8895 1181
8896 1181
8897 1181
8898 1181
8899 1181
8900 1181
8901 1181
8902 1181
8903 1181
8904 1181
8905 1181
8906 1181
8907 1181
8908 1181
8909 1181
8910 1181
8911 1181
8912 1181
8913 1181
8914 1181
8915 1181
8916 1181
8917 1181
8918 1181
8919 1181
8920 1181
8921 1181
8922 1181
8923 1181
8924 1181
8925 1181
8926 1181
8927 1181
8928 1181
8929 1181
8930 1181
8931 1181
8932 1181
8933 1181
8934 1181
8935 1181
8936 1181
8937 1181
8938 1181
8939 1181
8940 1181
8941 1181
8942 1181
8943 1181
8944 1181
8945 1181
8946 1181
8947 1181
8948 1181
8949 1181
8950 1181
8951 1181
8952 1181
8953 1181
8954 1181
8955 1181
8956 1181
8957 1181
8958 1181
8959 1181
8960 1181
8961 1181
8962 1181
8963 1181
8964 1181
8965 1181
8966 1181
8967 1181
8968 1181
8969 1181
8970 1181
8971 1181
8972 1181
8973 1181
8974 1181
8975 1181
8976 1181
8977 1181
8978 1181
8979 1181
8980 1181
8981 1855
8982 1855
8983 1855
8984 1855
8985 1855
8986 1855
8987 1855
8988 1855
8989 1855
8990 1855
8991 1855
8992 1855
8993 1855
8994 1855
8995 1855
8996 1855
8997 1855
8998 1855
8999 1855
9000 1855
9001 1855
9002 1855
9003 1855
9004 1855
9005 1855
9006 1855
9007 1855
9008 1855
9009 1855
9010 1855
9011 1855
9012 1855
9013 1855
9014 1855
9015 1855
9016 1855
9017 1855
9018 1855
9019 1855
9020 1855
9021 1855
9022 1855
9023 1855
9024 1855
9025 1855
9026 1855
9027 1855
9028 1855
9029 1855
9030 1855
9031 1855
9032 1855
9033 1855
9034 1855
9035 1855
9036 1855
9037 1855
9038 1855
9039 1855
9040 1855
9041 1855
9042 1855
9043 1855
9044 1855
9045 1855
9046 1855
9047 1855
9048 1855
9049 1855
9050 1855
9051 1855
9052 1855
9053 1855
9054 1855
9055 1855
9056 1855
9057 1855
9058 1855
9059 1855
9060 1855
9061 1855
9062 1855
9063 1855
9064 1855
9065 1855
9066 1855
9067 1855
9068 1855
9069 1855
9070 1855
9071 1855
9072 1855
9073 1855
9074 1855
9075 1855
9076 1855
9077 1855
9078 1855
9079 1855
9080 1855
9081 1855
9082 1855
9083 1855
9084 1855
9085 1855
9086 1855
9087 1855
9088 1855
9089 1855
9090 1855
9091 1855
9092 1855
9093 1855
9094 1855
9095 1855
9096 1855
9097 1855
9098 1855
9099 1855
9100 1855
9101 1855
9102 1855
9103 1855
9104 1855
9105 1855
9106 1855
9107 1855
9108 1855
9109 1855
9110 1855
9111 1855
9112 1855
9113 1855
9114 1855
9115 1855
9116 1855
9117 1855
9118 1855
9119 1855
9120 1855
9121 1855
9122 1855
9123 1855
9124 1855
9125 1855
9126 1855
9127 1855
9128 1855
9129 1855
9130 1855
9131 1855
9132 1855
9133 1855
9134 1855
9135 1855
9136 1855
9137 1855
9138 1855
9139 1855
9140 1855
9141 1855
9142 1855
9143 1855
9144 1855
9145 1855
9146 1855
9147 1855
9148 1855
9149 1855
9150 1855
9151 1855
9152 1855
9153 1855
9154 1855
9155 1177
9156 1177
9157 1177
9158 1177
9159 1177
9160 1177
9161 3345
9162 1177
9163 3345
9164 1177
9165 1177
9166 1177
9167 1177
9168 1177
9169 1177
9170 1177
9171 1177
9172 1177
9173 1177
9174 1177
9175 3345
9176 1177
9177 1177
9178 1177
9179 1177
9180 1177
9181 1177
9182 3345
9183 3345
9184 3345
9185 3345
9186 3345
9187 3345
9188 3345
9189 3345
9190 3345
9191 3345
9192 3345
9193 3345
9194 3345
9195 3345
9196 1177
9197 1177
9198 1177
9199 1177
9200 1177
9201 1177
9202 1177
9203 1177
9204 1177
9205 1177
9206 1177
9207 1177
9208 1177
9209 1177
9210 1177
9211 1177
9212 1177
9213 3345
9214 1177
9215 1177
9216 1177
9217 1177
9218 3345
9219 1177
9220 1177
9221 1177
9222 1177
9223 1177
9224 1177
9225 1177
9226 1177
9227 1177
9228 1177
9229 3345
9230 3345
9231 1177
9232 1177
9233 1177
9234 1177
9235 1177
9236 1177
9237 1177
9238 3345
9239 1177
9240 3345
9241 1177
9242 3345
9243 3345
9244 3345
9245 3345
9246 3345
9247 3345
9248 3345
9249 3345
9250 3345
9251 3345
9252 3345
9253 3345
9254 3345
9255 3345
9256 3345
9257 3345
9258 3345
9259 3345
9260 3345
9261 3345
9262 3345
9263 3345
9264 3345
9265 3345
9266 3345
9267 3345
9268 3345
9269 3345
9270 3345
9271 3345
9272 3345
9273 1177
9274 1177
9275 1177
9276 1177
9277 1177
9278 1177
9279 1177
9280 1177
9281 1177
9282 1177
9283 1177
9284 1177
9285 1177
9286 1177
9287 1177
9288 1177
9289 1177
9290 1177
9291 1177
9292 1177
9293 1177
9294 1177
9295 1177
9296 1177
9297 1177
9298 1177
9299 1177
9300 1177
9301 1177
9302 1177
9303 1177
9304 1177
9305 1177
9306 1177
9307 1177
9308 1177
9309 1177
9310 1177
9311 1177
9312 1177
9313 1177
9314 1177
9315 1177
9316 1177
9317 1177
9318 1177
9319 1177
9320 1177
9321 1177
9322 1177
9323 1177
9324 1177
9325 1177
9326 1177
9327 1177
9328 1177
9329 1177
9330 1177
9331 1181
9332 1181
9333 1177
9334 1181
9335 1181
9336 1177
9337 1181
9338 1181
9339 1181
9340 1181
9341 1181
9342 1177
9343 1181
9344 1177
9345 1181
9346 1181
9347 1181
9348 1181
9349 1177
9350 1181
9351 1181
9352 1177
9353 1177
9354 1177
9355 1177
9356 1177
9357 1177
9358 1177
9359 1177
9360 1177
9361 1177
9362 1177
9363 1177
9364 1177
9365 1181
9366 1181
9367 1181
9368 1181
9369 1181
9370 1181
9371 1177
9372 1181
9373 1181
9374 1181
9375 1181
9376 1181
9377 1181
9378 1181
9379 1181
9380 1181
9381 1181
9382 1181
9383 1181
9384 1181
9385 1181
9386 1181
9387 1177
9388 1177
9389 1177
9390 1224
9391 1177
9392 1177
9393 1177
9394 1224
9395 1224
9396 1224
9397 1224
9398 1224
9399 1177
9400 1177
9401 1224
9402 1224
9403 1177
9404 1224
9405 1224
9406 1224
9407 1224
9408 1177
9409 1177
9410 1224
9411 1224
9412 1224
9413 1224
9414 1224
9415 1224
9416 1224
9417 1177
9418 1177
9419 1224
9420 1224
9421 1224
9422 1224
9423 1224
9424 1224
9425 1177
9426 1177
9427 1181
9428 1181
9429 1181
9430 1181
9431 1181
9432 1181
9433 1181
9434 1181
9435 1181
9436 1181
9437 1181
9438 1181
9439 1181
9440 1181
9441 1181
9442 1181
9443 1181
9444 1181
9445 1181
9446 1181
9447 1181
9448 1181
9449 1181
9450 1181
9451 1181
9452 1181
9453 1181
9454 1181
9455 1181
9456 1181
9457 1181
9458 1181
9459 1181
9460 1181
9461 1181
9462 1181
9463 1181
9464 1181
9465 1181
9466 1181
9467 1181
9468 1181
9469 1181
9470 1224
9471 1224
9472 1224
9473 1224
9474 1224
9475 1224
9476 1224
9477 1224
9478 1224
9479 1224
9480 1224
9481 1224
9482 1224
9483 1224
9484 1224
9485 1177
9486 1224
9487 1224
9488 1224
9489 1224
9490 1181
9491 1181
9492 1181
9493 1181
9494 1181
9495 1181
9496 1181
9497 1181
9498 1181
9499 1181
9500 1181
9501 1181
9502 1181
9503 1181
9504 1181
9505 1181
9506 1181
9507 1181
9508 1181
9509 1181
9510 1181
9511 1181
9512 1181
9513 1181
9514 1181
9515 1181
9516 1181
9517 1181
9518 1181
9519 1181
9520 1181
9521 1181
9522 1181
9523 1181
9524 1181
9525 1181
9526 1181
9527 1181
9528 1181
9529 1181
9530 1181
9531 1181
9532 1181
9533 1181
9534 1181
9535 1181
9536 1855
9537 1855
9538 1855
9539 1855
9540 1855
9541 1855
9542 1855
9543 1855
9544 1855
9545 1855
9546 1855
9547 1855
9548 1855
9549 1855
9550 1855
9551 1855
9552 1855
9553 1855
9554 1855
9555 1855
9556 1855
9557 1855
9558 1855
9559 1855
9560 1855
9561 1855
9562 1855
9563 1855
9564 1855
9565 1855
9566 1855
9567 1855
9568 1855
9569 1855
9570 1855
9571 1855
9572 1855
9573 1855
9574 1855
9575 1855
9576 1855
9577 1855
9578 1855
9579 1855
9580 1855
9581 1855
9582 1855
9583 1855
9584 1855
9585 1855
9586 1855
9587 1855
9588 1855
9589 1855
9590 1855
9591 1855
9592 1855
9593 1855
9594 1855
9595 1855
9596 1855
9597 1855
9598 1855
9599 1855
9600 1855
9601 1855
9602 1855
9603 1181
9604 1855
9605 1855
9606 1855
9607 1855
9608 1855
9609 1855
9610 1855
9611 1855
9612 1855
9613 1855
9614 1855
9615 1855
9616 1855
9617 1855
9618 1855
9619 1855
9620 1855
9621 1855
9622 1855
9623 1855
9624 1855
9625 1855
9626 1855
9627 1855
9628 1855
9629 1855
9630 1855
9631 1855
9632 1855
9633 1855
9634 1855
9635 1855
9636 1855
9637 1855
9638 1855
9639 1855
9640 1855
9641 1224
9642 1224
9643 1224
9644 1224
9645 1224
9646 1224
9647 1224
9648 1224
9649 1224
9650 1224
9651 1224
9652 1224
9653 1224
9654 1224
9655 1181
9656 1181
9657 1224
9658 1224
9659 1181
9660 1224
9661 1181
9662 1224
9663 1224
9664 1181
9665 1181
9666 1224
9667 1224
9668 1224
9669 1181
9670 1181
9671 1181
9672 1181
9673 1181
9674 1181
9675 1224
9676 1224
9677 1224
9678 1181
9679 1224
9680 1181
9681 1181
9682 1181
9683 1181
9684 1181
9685 1181
9686 1181
9687 1181
9688 1181
9689 1181
9690 1181
9691 1181
9692 1181
9693 1181
9694 1181
9695 1181
9696 1181
9697 1181
9698 1181
9699 1181
9700 1181
9701 1181
9702 1181
9703 1181
9704 1181
9705 1181
9706 1181
9707 1181
9708 1181
9709 1181
9710 1224
9711 1224
9712 1224
9713 1224
9714 1224
9715 1224
9716 1224
9717 1224
9718 1224
9719 1224
9720 1224
9721 1224
9722 1224
9723 1224
9724 1224
9725 1224
9726 1224
9727 1224
9728 1224
9729 1224
9730 1224
9731 1224
9732 1224
9733 1224
9734 1224
9735 1224
9736 1224
9737 1224
9738 1224
9739 1224
9740 1224
9741 1224
9742 1224
9743 1224
9744 1224
9745 1224
9746 1224
9747 1224
9748 1224
9749 1224
9750 1224
9751 1224
9752 1224
9753 1224
9754 1224
9755 1224
9756 1224
9757 1224
9758 1224
9759 1224
9760 1224
9761 1224
9762 1224
9763 1224
9764 1224
9765 1224
9766 1224
9767 1224
9768 1224
9769 1224
9770 1224
9771 1224
9772 1224
9773 1224
9774 1224
9775 1224
9776 1224
9777 1224
9778 1224
9779 1224
9780 1224
9781 1224
9782 1224
9783 1224
9784 1224
9785 1224
9786 1181
9787 1181
9788 1181
9789 1181
9790 1181
9791 1181
9792 1181
9793 1181
9794 1181
9795 1181
9796 1181
9797 1181
9798 1181
9799 1181
9800 1181
9801 1181
9802 1181
9803 1181
9804 1181
9805 1181
9806 1181
9807 1181
9808 1181
9809 1181
9810 1181
9811 1181
9812 1181
9813 1181
9814 1181
9815 1181
9816 1181
9817 1181
9818 1181
9819 1181
9820 1181
9821 1181
9822 1181
9823 1181
9824 1181
9825 1181
9826 1181
9827 1181
9828 1181
9829 1181
9830 1181
9831 1181
9832 1181
9833 1181
9834 1181
9835 1181
9836 1181
9837 1181
9838 1181
9839 1181
9840 1181
9841 1181
9842 1181
9843 1181
9844 1181
9845 1181
9846 1181
9847 1181
9848 1181
9849 1181
9850 1181
9851 1181
9852 1181
9853 1181
9854 1181
9855 1181
9856 1181
9857 1181
9858 1181
9859 1181
9860 1181
9861 1181
9862 1181
9863 1181
9864 1181
9865 1181
9866 1181
9867 1181
9868 1181
9869 1181
9870 1181
9871 1181
9872 1181
9873 1181
9874 1181
9875 1181
9876 1181
9877 1181
9878 1181
9879 1181
9880 1181
9881 1181
9882 1181
9883 1181
9884 1181
9885 1181
9886 1181
9887 1181
9888 1181
9889 1181
9890 1181
9891 1181
9892 1181
9893 1181
9894 1181
9895 1181
9896 1181
9897 1181
9898 1181
9899 1181
9900 1181
9901 1181
9902 1181
9903 1181
9904 1181
9905 1181
9906 1855
9907 1855
9908 1855
9909 1855
9910 1855
9911 1855
9912 1855
9913 1855
9914 1855
9915 1855
9916 1855
9917 1855
9918 1855
9919 1855
9920 1855
9921 1855
9922 1855
9923 1855
9924 1855
9925 1855
9926 1855
9927 1855
9928 1855
9929 1181
9930 1181
9931 1181
9932 1181
9933 1181
9934 1181
9935 1181
9936 1855
9937 1181
9938 1181
9939 1181
9940 1181
9941 1181
9942 1181
9943 1181
9944 1181
9945 1181
9946 1181
9947 1181
9948 1181
9949 1181
9950 1181
9951 1855
9952 1855
9953 1855
9954 1855
9955 1855
9956 1855
9957 1855
9958 1855
9959 1855
9960 1855
9961 1855
9962 1855
9963 1181
9964 1181
9965 1181
9966 1181
9967 1181
9968 1181
9969 1181
9970 1181
9971 1181
9972 1181
9973 1181
9974 1181
9975 1181
9976 1181
9977 1181
9978 1181
9979 1181
9980 1181
9981 1181
9982 1181
9983 1181
9984 1855
9985 1181
9986 1181
9987 1181
9988 1181
9989 1181
9990 1181
9991 1181
9992 1181
9993 1181
9994 1181
9995 1181
9996 1181
9997 1181
9998 1181
9999 1181
10000 1181
10001 1181
10002 1181
10003 1181
10004 1181
10005 1181
10006 1181
10007 1181
10008 1181
10009 1181
10010 1855
10011 1181
10012 1855
10013 1855
10014 1855
10015 1855
10016 1855
10017 1855
10018 1855
10019 1855
10020 1181
10021 1855
10022 1855
10023 1855
10024 1855
10025 1855
10026 1855
