1 1
2 1
3 1
4 1
5 1
6 1
7 1
8 1
9 1
10 1
11 1
12 1
13 1
14 1
15 1
16 1
17 1
18 1
19 1
20 1
21 1
22 1
23 1
24 1
25 1
26 1
27 1
28 1
29 1
30 1
31 1
32 1
33 1
34 1
35 1
36 1
37 1
38 1
39 1
40 1
41 1
42 1
43 1
44 1
45 1
46 1
47 1
48 1
49 1
50 1
51 1
52 1
53 1
54 1
55 1
56 1
57 1
58 1
59 1
60 1
61 1
62 1
63 1
64 1
65 1
66 1
67 1
68 1
69 1
70 1
71 1
72 1
73 1
74 1
75 1
76 1
77 1
78 1
79 1
80 1
81 1
82 1
83 1
84 1
85 1
86 1
87 1
88 1
89 1
90 1
91 1
92 1
93 1
94 1
95 1
96 1
97 1
98 1
99 1
100 1
101 1
102 1
103 1
104 1
105 1
106 1
107 1
108 1
109 1
110 1
111 1
112 1
113 1
114 1
115 1
116 1
117 1
118 1
119 1
120 1
121 1
122 1
123 1
124 1
125 1
126 1
127 1
128 1
129 1
130 1
131 1
132 1
133 1
134 1
135 1
136 1
137 1
138 1
139 1
140 1
141 1
142 1
143 1
144 1
145 1
146 1
147 1
148 1
149 1
150 1
151 1
152 1
153 1
154 1
155 1
156 1
157 1
158 1
159 1
160 1
161 1
162 1
163 1
164 1
165 1
166 1
167 1
168 1
169 1
170 1
171 1
172 1
173 1
174 1
175 1
176 1
177 1
178 1
179 1
180 1
181 1
182 1
183 1
184 1
185 1
186 1
187 1
188 1
189 1
190 1
191 1
192 1
193 1
194 1
195 1
196 1
197 1
198 1
199 1
200 1
201 1
202 1
203 1
204 1
205 1
206 1
207 1
208 1
209 1
210 1
211 1
212 1
213 1
214 1
215 1
216 1
217 1
218 1
219 1
220 1
221 1
222 1
223 1
224 1
225 1
226 1
227 1
228 1
229 1
230 1
231 1
232 1
233 1
234 1
235 1
236 1
237 1
238 1
239 1
240 1
241 1
242 1
243 1
244 1
245 1
246 1
247 1
248 1
249 1
250 1
251 1
252 1
253 1
254 1
255 1
256 1
257 1
258 1
259 1
260 1
261 1
262 1
263 1
264 1
265 1
266 1
267 1
268 1
269 1
270 1
271 1
272 1
273 1
274 1
275 1
276 1
277 1
278 1
279 1
280 1
281 1
282 1
283 1
284 1
285 1
286 1
287 1
288 1
289 1
290 1
291 1
292 1
293 1
294 1
295 1
296 1
297 1
298 1
299 1
300 1
301 1
302 1
303 1
304 1
305 1
306 1
307 1
308 1
309 1
310 1
311 1
312 1
313 1
314 1
315 1
316 1
317 1
318 1
319 1
320 1
321 1
322 1
323 1
324 1
325 1
326 1
327 1
328 1
329 1
330 1
331 1
332 1
333 1
334 1
335 1
336 1
337 1
338 1
339 1
340 1
341 1
342 1
343 1
344 1
345 1
346 1
347 1
348 1
349 1
350 1
351 1
352 1
353 1
354 1
355 1
356 1
357 1
358 1
359 1
360 1
361 1
362 1
363 1
364 1
365 1
366 1
367 1
368 1
369 1
370 1
371 1
372 1
373 1
374 1
375 1
376 1
377 1
378 1
379 1
380 1
381 1
382 1
383 1
384 1
385 1
386 1
387 1
388 1
389 1
390 1
391 1
392 1
393 1
394 1
395 1
396 1
397 1
398 1
399 1
400 1
401 1
402 1
403 1
404 1
405 1
406 1
407 1
408 1
409 1
410 1
411 1
412 1
413 1
414 1
415 1
416 1
417 1
418 1
419 1
420 1
421 1
422 1
423 1
424 1
425 1
426 1
427 1
428 1
429 1
430 1
431 1
432 1
433 1
434 1
435 1
436 1
437 1
438 1
439 1
440 1
441 1
442 1
443 1
444 1
445 1
446 1
447 1
448 1
449 1
450 1
451 1
452 1
453 1
454 1
455 1
456 1
457 1
458 1
459 1
460 1
461 1
462 1
463 1
464 1
465 1
466 1
467 1
468 1
469 1
470 1
471 1
472 1
473 1
474 1
475 1
476 1
477 1
478 1
479 1
480 1
481 1
482 1
483 1
484 1
485 1
486 1
487 1
488 1
489 1
490 1
491 1
492 1
493 1
494 1
495 1
496 1
497 1
498 1
499 1
500 1
501 1
502 1
503 1
504 1
505 1
506 1
507 1
508 1
509 1
510 1
511 1
512 1
513 1
514 1
515 1
516 1
517 1
518 1
519 1
520 1
521 1
522 1
523 1
524 1
525 1
526 1
527 1
528 1
529 1
530 1
531 1
532 1
533 1
534 1
535 1
536 1
537 1
538 1
539 1
540 1
541 1
542 1
543 1
544 1
545 1
546 1
547 1
548 1
549 1
550 1
551 1
552 1
553 1
554 1
555 1
556 1
557 1
558 1
559 1
560 1
561 1
562 1
563 1
564 1
565 1
566 1
567 1
568 1
569 1
570 1
571 1
572 1
573 1
574 1
575 1
576 1
577 1
578 1
579 1
580 1
581 1
582 1
583 1
584 1
585 1
586 1
587 1
588 1
589 1
590 1
591 1
592 1
593 1
594 1
595 1
596 1
597 1
598 1
599 1
600 1
601 1
602 1
603 1
604 1
605 1
606 1
607 1
608 1
609 1
610 1
611 1
612 1
613 1
614 1
615 1
616 1
617 1
618 1
619 1
620 1
621 1
622 1
623 1
624 1
625 1
626 1
627 1
628 1
629 1
630 1
631 1
632 1
633 1
634 1
635 1
636 1
637 1
638 1
639 1
640 1
641 1
642 1
643 1
644 1
645 1
646 1
647 1
648 1
649 1
650 1
651 1
652 1
653 1
654 1
655 1
656 1
657 1
658 1
659 1
660 1
661 1
662 1
663 1
664 1
665 1
666 1
667 1
668 1
669 1
670 1
671 1
672 1
673 1
674 1
675 1
676 1
677 1
678 1
679 1
680 1
681 1
682 1
683 1
684 1
685 1
686 1
687 1
688 1
689 1
690 1
691 1
692 1
693 1
694 1
695 1
696 1
697 1
698 1
699 1
700 1
701 1
702 1
703 1
704 1
705 1
706 1
707 1
708 1
709 1
710 1
711 1
712 1
713 1
714 1
715 1
716 1
717 1
718 1
719 1
720 1
721 1
722 1
723 1
724 1
725 1
726 1
727 1
728 1
729 1
730 1
731 1
732 1
733 1
734 1
735 1
736 1
737 1
738 1
739 1
740 1
741 1
742 1
743 1
744 1
745 1
746 1
747 1
748 1
749 1
750 1
751 1
752 1
753 1
754 1
755 1
756 1
757 1
758 1
759 1
760 1
761 1
762 1
763 1
764 1
765 1
766 1
767 1
768 1
769 1
770 1
771 1
772 1
773 1
774 1
775 1
776 1
777 1
778 1
779 1
780 1
781 1
782 1
783 1
784 1
785 1
786 1
787 1
788 1
789 1
790 1
791 1
792 1
793 1
794 1
795 1
796 1
797 1
798 1
799 1
800 1
801 1
802 1
803 1
804 1
805 1
806 1
807 1
808 1
809 1
810 1
811 1
812 1
813 1
814 1
815 1
816 1
817 1
818 1
819 1
820 1
821 1
822 1
823 1
824 1
825 1
826 1
827 1
828 1
829 1
830 1
831 1
832 1
833 1
834 1
835 1
836 1
837 1
838 1
839 1
840 1
841 1
842 1
843 1
844 1
845 1
846 1
847 1
848 1
849 1
850 1
851 1
852 1
853 1
854 1
855 1
856 1
857 1
858 1
859 1
860 1
861 1
862 1
863 1
864 1
865 1
866 1
867 1
868 1
869 1
870 1
871 1
872 1
873 1
874 1
875 1
876 1
877 1
878 1
879 1
880 1
881 1
882 1
883 1
884 1
885 1
886 1
887 1
888 1
889 1
890 1
891 1
892 1
893 1
894 1
895 1
896 1
897 1
898 1
899 1
900 1
901 1
902 1
903 1
904 1
905 1
906 1
907 1
908 1
909 1
910 1
911 1
912 1
913 1
914 1
915 1
916 1
917 1
918 1
919 1
920 1
921 1
922 1
923 1
924 1
925 1
926 1
927 1
928 1
929 1
930 1
931 1
932 1
933 1
934 1
935 1
936 1
937 1
938 1
939 1
940 1
941 1
942 1
943 1
944 1
945 1
946 1
947 1
948 1
949 1
950 1
951 1
952 1
953 1
954 1
955 1
956 1
957 1
958 1
959 1
960 1
961 1
962 1
963 1
964 1
965 1
966 1
967 1
968 1
969 1
970 1
971 1
972 1
973 1
974 1
975 1
976 1
977 1
978 1
979 1
980 1
981 1
982 1
983 1
984 1
985 1
986 1
987 1
988 1
989 1
990 1
991 1
992 1
993 1
994 1
995 1
996 1
997 1
998 1
999 1
1000 1
1001 1
1002 1
1003 1
1004 1
1005 1
1006 1
1007 1
1008 1
1009 1
1010 1
1011 1
1012 1
1013 1
1014 1
1015 1
1016 1
1017 1
1018 1
1019 1
1020 1
1021 1
1022 1
1023 1
1024 1
1025 1
1026 1
1027 1
1028 1
1029 1
1030 1
1031 1
1032 1
1033 1
1034 1
1035 1
1036 1
1037 1
1038 1
1039 1
1040 1
1041 1
1042 1
1043 1
1044 1
1045 1
1046 1
1047 1
1048 1
1049 1
1050 1
1051 1
1052 1
1053 1
1054 1
1055 1
1056 1
1057 1
1058 1
1059 1
1060 1
1061 1
1062 1
1063 1
1064 1
1065 1
1066 1
1067 1
1068 1
1069 1
1070 1
1071 1
1072 1
1073 1
1074 1
1075 1
1076 1
1077 1
1078 1
1079 1
1080 1
1081 1
1082 1
1083 1
1084 1
1085 1
1086 1
1087 1
1088 1
1089 1
1090 1
1091 1
1092 1
1093 1
1094 1
1095 1
1096 1
1097 1
1098 1
1099 1
1100 1
1101 1
1102 1
1103 1
1104 1
1105 1
1106 1
1107 1
1108 1
1109 1
1110 1
1111 1
1112 1
1113 1
1114 1
1115 1
1116 1
1117 1
1118 1
1119 1
1120 1
1121 1
1122 1
1123 1
1124 1
1125 1
1126 1
1127 1
1128 1
1129 1
1130 1
1131 1
1132 1
1133 1
1134 1
1135 1
1136 1
1137 1
1138 1
1139 1
1140 1
1141 1
1142 1
1143 1
1144 1
1145 1
1146 1
1147 1
1148 1
1149 1
1150 1
1151 1
1152 1
1153 1
1154 1
1155 1
1156 1
1157 1
1158 1
1159 1
1160 1
1161 1
1162 1
1163 1
1164 1
1165 1
1166 1
1167 1
1168 1
1169 1
1170 1
1171 1
1172 1
1173 1
1174 1
1175 1
1176 1
1177 1177
1178 1177
1179 1177
1180 1177
1181 1181
1182 1177
1183 1177
1184 1177
1185 1177
1186 1177
1187 1177
1188 1177
1189 1177
1190 1177
1191 1177
1192 1177
1193 1177
1194 1177
1195 1177
1196 1177
1197 1177
1198 1177
1199 1177
1200 1177
1201 1177
1202 1177
1203 1177
1204 1181
1205 1177
1206 1181
1207 1177
1208 1177
1209 1177
1210 1181
1211 1177
1212 1177
1213 1177
1214 1181
1215 1177
1216 1181
1217 1177
1218 1177
1219 1177
1220 1177
1221 1177
1222 1177
1223 1177
1224 1177
1225 1177
1226 1177
1227 1177
1228 1177
1229 1177
1230 1177
1231 1177
1232 1177
1233 1177
1234 1177
1235 1177
1236 1177
1237 1177
1238 1177
1239 1177
1240 1177
1241 1177
1242 1177
1243 1177
1244 1177
1245 1181
1246 1181
1247 1177
1248 1177
1249 1177
1250 1181
1251 1177
1252 1177
1253 1181
1254 1177
1255 1177
1256 1181
1257 1181
1258 1177
1259 1181
1260 1181
1261 1181
1262 1181
1263 1177
1264 1181
1265 1177
1266 1177
1267 1177
1268 1177
1269 1177
1270 1177
1271 1177
1272 1177
1273 1177
1274 1177
1275 1177
1276 1177
1277 1177
1278 1177
1279 1177
1280 1177
1281 1177
1282 1177
1283 1177
1284 1177
1285 1177
1286 1177
1287 1177
1288 1177
1289 1181
1290 1177
1291 1177
1292 1177
1293 1177
1294 1177
1295 1177
1296 1177
1297 1177
1298 1181
1299 1177
1300 1177
1301 1177
1302 1177
1303 1177
1304 1177
1305 1177
1306 1177
1307 1177
1308 1177
1309 1177
1310 1177
1311 1177
1312 1177
1313 1177
1314 1177
1315 1177
1316 1177
1317 1177
1318 1177
1319 1177
1320 1177
1321 1177
1322 1177
1323 1177
1324 1177
1325 1177
1326 1177
1327 1177
1328 1177
1329 1177
1330 1181
1331 1181
1332 1181
1333 1181
1334 1181
1335 1181
1336 1181
1337 1181
1338 1181
1339 1181
1340 1181
1341 1181
1342 1181
1343 1181
1344 1181
1345 1181
1346 1181
1347 1181
1348 1181
1349 1181
1350 1181
1351 1177
1352 1181
1353 1177
1354 1177
1355 1177
1356 1177
1357 1177
1358 1177
1359 1177
1360 1177
1361 1177
1362 1177
1363 1177
1364 1177
1365 1177
1366 1177
1367 1177
1368 1177
1369 1177
1370 1177
1371 1177
1372 1177
1373 1177
1374 1177
1375 1177
1376 1177
1377 1177
1378 1177
1379 1177
1380 1177
1381 1177
1382 1177
1383 1177
1384 1177
1385 1177
1386 1177
1387 1177
1388 1177
1389 1177
1390 1177
1391 1177
1392 1177
1393 1177
1394 1177
1395 1177
1396 1177
1397 1177
1398 1177
1399 1177
1400 1177
1401 1177
1402 1177
1403 1177
1404 1177
1405 1177
1406 1177
1407 1177
1408 1177
1409 1177
1410 1177
1411 1177
1412 1177
1413 1177
1414 1177
1415 1177
1416 1177
1417 1177
1418 1177
1419 1177
1420 1177
1421 1177
1422 1177
1423 1177
1424 1177
1425 1177
1426 1177
1427 1177
1428 1177
1429 1177
1430 1177
1431 1177
1432 1177
1433 1177
1434 1177
1435 1177
1436 1177
1437 1177
1438 1177
1439 1177
1440 1177
1441 1177
1442 1177
1443 1177
1444 1177
1445 1181
1446 1181
1447 1181
1448 1181
1449 1181
1450 1181
1451 1181
1452 1181
1453 1181
1454 1181
1455 1181
1456 1181
1457 1181
1458 1181
1459 1181
1460 1181
1461 1181
1462 1181
1463 1181
1464 1181
1465 1181
1466 1177
1467 1177
1468 1177
1469 1177
1470 1177
1471 1177
1472 1177
1473 1177
1474 1177
1475 1177
1476 1177
1477 1177
1478 1177
1479 1177
1480 1177
1481 1177
1482 1177
1483 1177
1484 1181
1485 1181
1486 1181
1487 1181
1488 1181
1489 1181
1490 1181
1491 1181
1492 1181
1493 1181
1494 1181
1495 1181
1496 1181
1497 1181
1498 1181
1499 1181
1500 1181
1501 1181
1502 1181
1503 1181
1504 1181
1505 1181
1506 1181
1507 1181
1508 1177
1509 1181
1510 1181
1511 1181
1512 1181
1513 1181
1514 1181
1515 1181
1516 1181
1517 1181
1518 1181
1519 1181
1520 1181
1521 1181
1522 1181
1523 1181
1524 1181
1525 1181
1526 1177
1527 1177
1528 1177
1529 1177
1530 1177
1531 1177
1532 1177
1533 1177
1534 1177
1535 1177
1536 1177
1537 1177
1538 1177
1539 1177
1540 1177
1541 1177
1542 1177
1543 1177
1544 1177
1545 1177
1546 1177
1547 1177
1548 1177
1549 1177
1550 1177
1551 1177
1552 1177
1553 1177
1554 1177
1555 1177
1556 1177
1557 1177
1558 1177
1559 1177
1560 1177
1561 1177
1562 1177
1563 1177
1564 1177
1565 1177
1566 1177
1567 1177
1568 1181
1569 1177
1570 1177
1571 1177
1572 1177
1573 1177
1574 1177
1575 1177
1576 1177
1577 1177
1578 1177
1579 1177
1580 1177
1581 1177
1582 1177
1583 1177
1584 1177
1585 1177
1586 1177
1587 1177
1588 1177
1589 1177
1590 1177
1591 1177
1592 1177
1593 1177
1594 1177
1595 1177
1596 1177
1597 1177
1598 1177
1599 1177
1600 1177
1601 1177
1602 1177
1603 1177
1604 1177
1605 1177
1606 1177
1607 1177
1608 1177
1609 1177
1610 1177
1611 1177
1612 1177
1613 1177
1614 1177
1615 1177
1616 1177
1617 1177
1618 1177
1619 1177
1620 1177
1621 1177
1622 1177
1623 1177
1624 1177
1625 1177
1626 1177
1627 1177
1628 1177
1629 1177
1630 1177
1631 1177
1632 1177
1633 1177
1634 1177
1635 1177
1636 1177
1637 1177
1638 1177
1639 1177
1640 1177
1641 1177
1642 1177
1643 1177
1644 1177
1645 1177
1646 1177
1647 1177
1648 1177
1649 1177
1650 1177
1651 1177
1652 1177
1653 1177
1654 1177
1655 1177
1656 1177
1657 1177
1658 1177
1659 1177
1660 1177
1661 1177
1662 1177
1663 1177
1664 1177
1665 1177
1666 1177
1667 1177
1668 1177
1669 1177
1670 1177
1671 1177
1672 1177
1673 1177
1674 1177
1675 1177
1676 1177
1677 1177
1678 1181
1679 1177
1680 1181
1681 1181
1682 1181
1683 1181
1684 1177
1685 1177
1686 1181
1687 1181
1688 1177
1689 1181
1690 1181
1691 1181
1692 1181
1693 1181
1694 1177
1695 1177
1696 1177
1697 1177
1698 1177
1699 1177
1700 1177
1701 1177
1702 1177
1703 1177
1704 1177
1705 1177
1706 1177
1707 1177
1708 1177
1709 1177
1710 1177
1711 1177
1712 1177
1713 1177
1714 1177
1715 1177
1716 1177
1717 1177
1718 1177
1719 1177
1720 1177
1721 1177
1722 1177
1723 1177
1724 1177
1725 1177
1726 1177
1727 1177
1728 1177
1729 1177
1730 1177
1731 1177
1732 1177
1733 1177
1734 1177
1735 1177
1736 1177
1737 1177
1738 1177
1739 1177
1740 1177
1741 1177
1742 1177
1743 1177
1744 1177
1745 1177
1746 1177
1747 1177
1748 1177
1749 1177
1750 1177
1751 1177
1752 1177
1753 1177
1754 1177
1755 1177
1756 1177
1757 1177
1758 1177
1759 1177
1760 1177
1761 1177
1762 1177
1763 1177
1764 1177
1765 1177
1766 1177
1767 1177
1768 1177
1769 1177
1770 1177
1771 1177
1772 1177
1773 1177
1774 1177
1775 1177
1776 1177
1777 1177
1778 1177
1779 1177
1780 1177
1781 1177
1782 1177
1783 1177
1784 1177
1785 1177
1786 1177
1787 1177
1788 1177
1789 1177
1790 1177
1791 1177
1792 1177
1793 1177
1794 1177
1795 1177
1796 1177
1797 1177
1798 1177
1799 1177
1800 1177
1801 1181
1802 1177
1803 1177
1804 1181
1805 1177
1806 1177
1807 1177
1808 1177
1809 1181
1810 1
1811 1
1812 1
1813 1
1814 1
1815 1
1816 1
1817 1
1818 1
1819 1
1820 1
1821 1
1822 1
1823 1
1824 1
1825 1
1826 1
1827 1
1828 1
1829 1
1830 1
1831 1
1832 1
1833 1
1834 1
1835 1
1836 1
1837 1
1838 1
1839 1
1840 1
1841 1
1842 1
1843 1
1844 1
1845 1
1846 1
1847 1
1848 1
1849 1
1850 1
1851 1
1852 1
1853 1
1854 1
1855 1181
1856 1
1857 1
1858 1
1859 1
1860 1
1861 1
1862 1
1863 1
1864 1
1865 1
1866 1
1867 1
1868 1
1869 1
1870 1
1871 1
1872 1
1873 1
1874 1
1875 1
1876 1
1877 1
1878 1
1879 1
1880 1
1881 1
1882 1
1883 1
1884 1
1885 1
1886 1
1887 1
1888 1
1889 1
1890 1
1891 1
1892 1
1893 1
1894 1
1895 1
1896 1
1897 1
1898 1
1899 1
1900 1
1901 1
1902 1
1903 1
1904 1
1905 1
1906 1
1907 1
1908 1
1909 1
1910 1
1911 1
1912 1
1913 1
1914 1
1915 1
1916 1
1917 1
1918 1
1919 1
1920 1
1921 1
1922 1
1923 1
1924 1
1925 1
1926 1
1927 1
1928 1
1929 1
1930 1
1931 1
1932 1
1933 1
1934 1
1935 1
1936 1
1937 1
1938 1
1939 1
1940 1
1941 1
1942 1
1943 1
1944 1
1945 1
1946 1
1947 1
1948 1
1949 1
1950 1
1951 1
1952 1
1953 1
1954 1
1955 1
1956 1
1957 1
1958 1
1959 1
1960 1
1961 1
1962 1
1963 1
1964 1
1965 1
1966 1
1967 1
1968 1
1969 1
1970 1
1971 1
1972 1
1973 1
1974 1
1975 1
1976 1
1977 1
1978 1
1979 1
1980 1
1981 1
1982 1
1983 1
1984 1
1985 1
1986 1
1987 1
1988 1
1989 1
1990 1
1991 1
1992 1
1993 1
1994 1
1995 1
1996 1
1997 1
1998 1
1999 1
2000 1
2001 1
2002 1
2003 1
2004 1
2005 1
2006 1
2007 1
2008 1
2009 1
2010 1
2011 1
2012 1
2013 1
2014 1
2015 1
2016 1
2017 1
2018 1
2019 1
2020 1
2021 1
2022 1
2023 1
2024 1
2025 1
2026 1
2027 1
2028 1
2029 1
2030 1
2031 1
2032 1
2033 1
2034 1
2035 1
2036 1
2037 1
2038 1
2039 1
2040 1
2041 1
2042 1
2043 1
2044 1
2045 1
2046 1
2047 1
2048 1
2049 1
2050 1
2051 1
2052 1
2053 1
2054 1
2055 1
2056 1
2057 1
2058 1
2059 1
2060 1
2061 1
2062 1
2063 1
2064 1
2065 1
2066 1
2067 1
2068 1
2069 1
2070 1
2071 1
2072 1
2073 1
2074 1
2075 1
2076 1
2077 1
2078 1
2079 1
2080 1
2081 1
2082 1
2083 1
2084 1
2085 1
2086 1
2087 1
2088 1
2089 1
2090 1
2091 1
2092 1
2093 1
2094 1
2095 1
2096 1
2097 1
2098 1
2099 1
2100 1
2101 1
2102 1
2103 1
2104 1
2105 1
2106 1
2107 1
2108 1
2109 1
2110 1
2111 1
2112 1
2113 1
2114 1
2115 1
2116 1
2117 1
2118 1
2119 1
2120 1
2121 1
2122 1
2123 1
2124 1
2125 1
2126 1
2127 1
2128 1
2129 1
2130 1
2131 1
2132 1
2133 1
2134 1
2135 1
2136 1
2137 1
2138 1
2139 1
2140 1
2141 1181
2142 1181
2143 1181
2144 1181
2145 1181
2146 1181
2147 1181
2148 1181
2149 1181
2150 1181
2151 1181
2152 1181
2153 1181
2154 1181
2155 1181
2156 1181
2157 1181
2158 1181
2159 1181
2160 1181
2161 1181
2162 1181
2163 1181
2164 1181
2165 1181
2166 1181
2167 1181
2168 1181
2169 1181
2170 1181
2171 1181
2172 1181
2173 1181
2174 1181
2175 1181
2176 1181
2177 1181
2178 1181
2179 1181
2180 1181
2181 1181
2182 1181
2183 1181
2184 1181
2185 1181
2186 1181
2187 1181
2188 1181
2189 1181
2190 1181
2191 1181
2192 1181
2193 1181
2194 1181
2195 1181
2196 1181
2197 1181
2198 1181
2199 1181
2200 1181
2201 1181
2202 1181
2203 1181
2204 1181
2205 1181
2206 1181
2207 1181
2208 1181
2209 1181
2210 1181
2211 1181
2212 1181
2213 1181
2214 1181
2215 1181
2216 1181
2217 1181
2218 1181
2219 1181
2220 1181
2221 1181
2222 1181
2223 1181
2224 1181
2225 1181
2226 1181
2227 1181
2228 1181
2229 1181
2230 1181
2231 1181
2232 1181
2233 1181
2234 1181
2235 1177
2236 1177
2237 1177
2238 1177
2239 1177
2240 1177
2241 1177
2242 1177
2243 1177
2244 1177
2245 1177
2246 1177
2247 1177
2248 1177
2249 1177
2250 1177
2251 1177
2252 1177
2253 1177
2254 1177
2255 1177
2256 1177
2257 1177
2258 1177
2259 1177
2260 1177
2261 1177
2262 1177
2263 1177
2264 1177
2265 1177
2266 1177
2267 1177
2268 1177
2269 1177
2270 1177
2271 1177
2272 1177
2273 1177
2274 1177
2275 1177
2276 1177
2277 1177
2278 1177
2279 1177
2280 1177
2281 1177
2282 1177
2283 1177
2284 1177
2285 1177
2286 1177
2287 1177
2288 1177
2289 1177
2290 1177
2291 1177
2292 1177
2293 1177
2294 1177
2295 1177
2296 1177
2297 1177
2298 1177
2299 1177
2300 1177
2301 1177
2302 1177
2303 1177
2304 1177
2305 1177
2306 1177
2307 1177
2308 1177
2309 1177
2310 1177
2311 1177
2312 1177
2313 1177
2314 1177
2315 1177
2316 1177
2317 1177
2318 1177
2319 1177
2320 1177
2321 1177
2322 1177
2323 1177
2324 1177
2325 1177
2326 1177
2327 1177
2328 1177
2329 1177
2330 1177
2331 1177
2332 1177
2333 1177
2334 1177
2335 1177
2336 1177
2337 1177
2338 1177
2339 1177
2340 1177
2341 1177
2342 1177
2343 1177
2344 1177
2345 1177
2346 1177
2347 1177
2348 1181
2349 1181
2350 1181
2351 1181
2352 1181
2353 1181
2354 1181
2355 1181
2356 1181
2357 1181
2358 1181
2359 1181
2360 1181
2361 1181
2362 1181
2363 1181
2364 1181
2365 1181
2366 1181
2367 1181
2368 1181
2369 1181
2370 1181
2371 1181
2372 1181
2373 1181
2374 1181
2375 1181
2376 1181
2377 1181
2378 1181
2379 1181
2380 1181
2381 1181
2382 1181
2383 1181
2384 1181
2385 1181
2386 1181
2387 1181
2388 1181
2389 1181
2390 1181
2391 1181
2392 1181
2393 1181
2394 1181
2395 1181
2396 1181
2397 1181
2398 1181
2399 1181
2400 1181
2401 1181
2402 1181
2403 1181
2404 1181
2405 1181
2406 1181
2407 1181
2408 1181
2409 1181
2410 1181
2411 1181
2412 1181
2413 1181
2414 1181
2415 1181
2416 1181
2417 1181
2418 1181
2419 1181
2420 1181
2421 1181
2422 1181
2423 1181
2424 1181
2425 1181
2426 1181
2427 1181
2428 1181
2429 1181
2430 1181
2431 1181
2432 1181
2433 1181
2434 1181
2435 1181
2436 1181
2437 1181
2438 1181
2439 1181
2440 1181
2441 1181
2442 1181
2443 1181
2444 1181
2445 1181
2446 1181
2447 1181
2448 1181
2449 1181
2450 1181
2451 1181
2452 1181
2453 1181
2454 1181
2455 1181
2456 1181
2457 1181
2458 1181
2459 1181
2460 1181
2461 1181
2462 1181
2463 1181
2464 1181
2465 1181
2466 1181
2467 1181
2468 1181
2469 1181
2470 1181
2471 1181
2472 1181
2473 1181
2474 1181
2475 1181
2476 1181
2477 1181
2478 1181
2479 1181
2480 1181
2481 1181
2482 1181
2483 1181
2484 1181
2485 1181
2486 1181
2487 1181
2488 1181
2489 1181
2490 1181
2491 1181
2492 1181
2493 1181
2494 1181
2495 1181
2496 1181
2497 1181
2498 1181
2499 1181
2500 1181
2501 1181
2502 1181
2503 1181
2504 1181
2505 1181
2506 1181
2507 1181
2508 1181
2509 1181
2510 1181
2511 1181
2512 1181
2513 1181
2514 1181
2515 1181
2516 1181
2517 1181
2518 1181
2519 1181
2520 1181
2521 1181
2522 1181
2523 1181
2524 1181
2525 1181
2526 1181
2527 1181
2528 1181
2529 1181
2530 1181
2531 1181
2532 1181
2533 1181
2534 1181
2535 1181
2536 1181
2537 1181
2538 1181
2539 1181
2540 1181
2541 1181
2542 1181
2543 1181
2544 1181
2545 1181
2546 1181
2547 1181
2548 1181
2549 1181
2550 1181
2551 1181
2552 1181
2553 1181
2554 1181
2555 1
2556 1181
2557 1181
2558 1181
2559 1181
2560 1181
2561 1181
2562 1181
2563 1181
2564 1181
2565 1181
2566 1181
2567 1181
2568 1181
2569 1181
2570 1181
2571 1181
2572 1181
2573 1181
2574 1181
2575 1181
2576 1181
2577 1181
2578 1181
2579 1181
2580 1181
2581 1181
2582 1181
2583 1181
2584 1181
2585 1181
2586 1181
2587 1181
2588 1181
2589 1181
2590 1181
2591 1181
2592 1181
2593 1181
2594 1181
2595 1181
2596 1181
2597 1181
2598 1181
2599 1181
2600 1181
2601 1181
2602 1181
2603 1181
2604 1181
2605 1181
2606 1181
2607 1181
2608 1181
2609 1181
2610 1181
2611 1181
2612 1181
2613 1181
2614 1181
2615 1181
2616 1181
2617 1181
2618 1181
2619 1181
2620 1181
2621 1181
2622 1181
2623 1181
2624 1181
2625 1181
2626 1181
2627 1181
2628 1181
2629 1181
2630 1181
2631 1181
2632 1181
2633 1181
2634 1181
2635 1181
2636 1177
2637 1177
2638 1177
2639 1177
2640 1177
2641 1177
2642 1177
2643 1177
2644 1177
2645 1177
2646 1177
2647 1177
2648 1177
2649 1177
2650 1177
2651 1177
2652 1177
2653 1177
2654 1177
2655 1177
2656 1177
2657 1177
2658 1177
2659 1177
2660 1177
2661 1177
2662 1177
2663 1177
2664 1177
2665 1177
2666 1177
2667 1177
2668 1177
2669 1177
2670 1177
2671 1177
2672 1177
2673 1177
2674 1177
2675 1177
2676 1177
2677 1177
2678 1177
2679 1177
2680 1177
2681 1177
2682 1177
2683 1177
2684 1177
2685 1177
2686 1177
2687 1177
2688 1177
2689 1177
2690 1177
2691 1177
2692 1177
2693 1177
2694 1177
2695 1177
2696 1177
2697 1177
2698 1177
2699 1177
2700 1177
2701 1177
2702 1177
2703 1177
2704 1177
2705 1177
2706 1177
2707 1177
2708 1177
2709 1177
2710 1177
2711 1177
2712 1177
2713 1177
2714 1177
2715 1177
2716 1177
2717 1177
2718 1177
2719 1177
2720 1177
2721 1177
2722 1177
2723 1177
2724 1177
2725 1177
2726 1177
2727 1177
2728 1177
2729 1177
2730 1177
2731 1177
2732 1177
2733 1177
2734 1177
2735 1177
2736 1177
2737 1177
2738 1177
2739 1177
2740 1177
2741 1177
2742 1177
2743 1177
2744 1177
2745 1177
2746 1177
2747 1177
2748 1177
2749 1177
2750 1177
2751 1177
2752 1
2753 1
2754 1
2755 1
2756 1
2757 1
2758 1
2759 1
2760 1
2761 1
2762 1
2763 1
2764 1
2765 1
2766 1
2767 1
2768 1
2769 1
2770 1
2771 1
2772 1
2773 1
2774 1
2775 1
2776 1
2777 1
2778 1
2779 1
2780 1
2781 1
2782 1
2783 1
2784 1
2785 1
2786 1
2787 1
2788 1
2789 1
2790 1
2791 1
2792 1
2793 1
2794 1
2795 1
2796 1
2797 1
2798 1
2799 1
2800 1
2801 1
2802 1
2803 1
2804 1
2805 1
2806 1
2807 1
2808 1
2809 1
2810 1
2811 1
2812 1
2813 1
2814 1
2815 1
2816 1
2817 1
2818 1
2819 1
2820 1
2821 1
2822 1
2823 1
2824 1
2825 1
2826 1
2827 1
2828 1
2829 1
2830 1
2831 1
2832 1
2833 1
2834 1
2835 1
2836 1
2837 1
2838 1
2839 1181
2840 1181
2841 1181
2842 1181
2843 1181
2844 1181
2845 1181
2846 1181
2847 1181
2848 1181
2849 1181
2850 1181
2851 1181
2852 1181
2853 1181
2854 1181
2855 1181
2856 1181
2857 1181
2858 1181
2859 1181
2860 1181
2861 1181
2862 1181
2863 1181
2864 1181
2865 1181
2866 1181
2867 1181
2868 1181
2869 1181
2870 1181
2871 1181
2872 1181
2873 1181
2874 1181
2875 1181
2876 1181
2877 1181
2878 1181
2879 1181
2880 1181
2881 1181
2882 1181
2883 1181
2884 1181
2885 1181
2886 1181
2887 1181
2888 1181
2889 1181
2890 1181
2891 1181
2892 1181
2893 1181
2894 1181
2895 1181
2896 1181
2897 1181
2898 1181
2899 1181
2900 1181
2901 1181
2902 1181
2903 1181
2904 1181
2905 1181
2906 1181
2907 1181
2908 1181
2909 1181
2910 1181
2911 1181
2912 1181
2913 1181
2914 1181
2915 1181
2916 1181
2917 1181
2918 1181
2919 1181
2920 1181
2921 1181
2922 1181
2923 1181
2924 1181
2925 1181
2926 1181
2927 1181
2928 1181
2929 1181
2930 1181
2931 1181
2932 1181
2933 1181
2934 1181
2935 1181
2936 1181
2937 1181
2938 1181
2939 1181
2940 1181
2941 1181
2942 1181
2943 1181
2944 1181
2945 1181
2946 1181
2947 1181
2948 1181
2949 1181
2950 1181
2951 1181
2952 1181
2953 1181
2954 1181
2955 1181
2956 1181
2957 1181
2958 1181
2959 1181
2960 1181
2961 1181
2962 1181
2963 1181
2964 1181
2965 1181
2966 1181
2967 1181
2968 1181
2969 1181
2970 1181
2971 1181
2972 1181
2973 1181
2974 1181
2975 1181
2976 1181
2977 1181
2978 1181
2979 1181
2980 1181
2981 1181
2982 1181
2983 1181
2984 1181
2985 1181
2986 1181
2987 1181
2988 1181
2989 1181
2990 1181
2991 1181
2992 1181
2993 1181
2994 1181
2995 1181
2996 1181
2997 1181
2998 1181
2999 1181
3000 1181
3001 1181
3002 1181
3003 1181
3004 1181
3005 1181
3006 1181
3007 1181
3008 1181
3009 1181
3010 1181
3011 1181
3012 1181
3013 1181
3014 1181
3015 1181
3016 1181
3017 1181
3018 1181
3019 1181
3020 1181
3021 1181
3022 1181
3023 1181
3024 1181
3025 1181
3026 1181
3027 1181
3028 1181
3029 1181
3030 1181
3031 1181
3032 1181
3033 1181
3034 1181
3035 1181
3036 1181
3037 1181
3038 1181
3039 1181
3040 1181
3041 1181
3042 1181
3043 1181
3044 1181
3045 1181
3046 1181
3047 1181
3048 1181
3049 1181
3050 1181
3051 1181
3052 1181
3053 1181
3054 1181
3055 1181
3056 1181
3057 1181
3058 1181
3059 1181
3060 1181
3061 1181
3062 1181
3063 1181
3064 1181
3065 1181
3066 1181
3067 1181
3068 1181
3069 1181
3070 1181
3071 1181
3072 1181
3073 1181
3074 1181
3075 1181
3076 1181
3077 1181
3078 1181
3079 1181
3080 1181
3081 1181
3082 1181
3083 1181
3084 1181
3085 1181
3086 1181
3087 1181
3088 1181
3089 1181
3090 1181
3091 1181
3092 1181
3093 1181
3094 1181
3095 1181
3096 1181
3097 1181
3098 1181
3099 1181
3100 1181
3101 1181
3102 1181
3103 1181
3104 1181
3105 1181
3106 1181
3107 1181
3108 1181
3109 1181
3110 1181
3111 1181
3112 1181
3113 1181
3114 1181
3115 1181
3116 1181
3117 1181
3118 1181
3119 1181
3120 1181
3121 1181
3122 1181
3123 1181
3124 1181
3125 1181
3126 1181
3127 1181
3128 1181
3129 1181
3130 1181
3131 1181
3132 1181
3133 1181
3134 1181
3135 1181
3136 1181
3137 1181
3138 1181
3139 1181
3140 1181
3141 1181
3142 1181
3143 1181
3144 1181
3145 1181
3146 1181
3147 1181
3148 1181
3149 1181
3150 1181
3151 1181
3152 1181
3153 1181
3154 1181
3155 1181
3156 1181
3157 1181
3158 1181
3159 1181
3160 1181
3161 1181
3162 1181
3163 1181
3164 1181
3165 1181
3166 1181
3167 1181
3168 1181
3169 1181
3170 1181
3171 1181
3172 1181
3173 1181
3174 1181
3175 1181
3176 1181
3177 1181
3178 1181
3179 1181
3180 1181
3181 1181
3182 1181
3183 1181
3184 1181
3185 1181
3186 1181
3187 1181
3188 1181
3189 1181
3190 1181
3191 1181
3192 1181
3193 1181
3194 1181
3195 1181
3196 1181
3197 1181
3198 1181
3199 1181
3200 1181
3201 1181
3202 1181
3203 1181
3204 1181
3205 1181
3206 1181
3207 1181
3208 1181
3209 1181
3210 1181
3211 1181
3212 1181
3213 1181
3214 1181
3215 1181
3216 1181
3217 1181
3218 1181
3219 1181
3220 1181
3221 1181
3222 1181
3223 1181
3224 1181
3225 1181
3226 1181
3227 1181
3228 1181
3229 1181
3230 1181
3231 1181
3232 1181
3233 1181
3234 1181
3235 1181
3236 1181
3237 1181
3238 1181
3239 1181
3240 1181
3241 1181
3242 1181
3243 1181
3244 1181
3245 1181
3246 1181
3247 1181
3248 1181
3249 1181
3250 1181
3251 1181
3252 1181
3253 1181
3254 1181
3255 1181
3256 1181
3257 1181
3258 1181
3259 1181
3260 1181
3261 1181
3262 1181
3263 1181
3264 1181
3265 1181
3266 1181
3267 1181
3268 1181
3269 1181
3270 1181
3271 1181
3272 1181
3273 1181
3274 1181
3275 1181
3276 1181
3277 1181
3278 1181
3279 1181
3280 1181
3281 1181
3282 1181
3283 1181
3284 1181
3285 1181
3286 1181
3287 1181
3288 1181
3289 1181
3290 1181
3291 1181
3292 1181
3293 1181
3294 1181
3295 1181
3296 1181
3297 1181
3298 1181
3299 1181
3300 1181
3301 1181
3302 1181
3303 1181
3304 1181
3305 1181
3306 1181
3307 1181
3308 1181
3309 1181
3310 1181
3311 1181
3312 1181
3313 1181
3314 1181
3315 1181
3316 1181
3317 1181
3318 1181
3319 1181
3320 1181
3321 1181
3322 1181
3323 1181
3324 1181
3325 1181
3326 1181
3327 1181
3328 1181
3329 1181
3330 1181
3331 1181
3332 1181
3333 1181
3334 1181
3335 1181
3336 1181
3337 1181
3338 1181
3339 1181
3340 1181
3341 1181
3342 1181
3343 1181
3344 1181
3345 1181
3346 1181
3347 1181
3348 1181
3349 1181
3350 1181
3351 1181
3352 1181
3353 1181
3354 1181
3355 1181
3356 1181
3357 1181
3358 1181
3359 1181
3360 1181
3361 1181
3362 1181
3363 1181
3364 1181
3365 1181
3366 1181
3367 1181
3368 1181
3369 1181
3370 1181
3371 1181
3372 1181
3373 1181
3374 1181
3375 1181
3376 1181
3377 1181
3378 1181
3379 1181
3380 1181
3381 1181
3382 1181
3383 1181
3384 1181
3385 1181
3386 1181
3387 1177
3388 1177
3389 1177
3390 1177
3391 1177
3392 1177
3393 1177
3394 1177
3395 1177
3396 1177
3397 1177
3398 1177
3399 1177
3400 1177
3401 1177
3402 1177
3403 1177
3404 1177
3405 1177
3406 1177
3407 1177
3408 1177
3409 1177
3410 1177
3411 1177
3412 1177
3413 1177
3414 1177
3415 1177
3416 1177
3417 1177
3418 1177
3419 1177
3420 1177
3421 1177
3422 1177
3423 1177
3424 1177
3425 1177
3426 1177
3427 1177
3428 1177
3429 1177
3430 1177
3431 1177
3432 1177
3433 1177
3434 1177
3435 1177
3436 1177
3437 1177
3438 1177
3439 1177
3440 1177
3441 1177
3442 1177
3443 1177
3444 1177
3445 1177
3446 1181
3447 1181
3448 1181
3449 1181
3450 1181
3451 1181
3452 1181
3453 1181
3454 1181
3455 1181
3456 1181
3457 1181
3458 1181
3459 1181
3460 1181
3461 1181
3462 1181
3463 1181
3464 1181
3465 1181
3466 1181
3467 1181
3468 1181
3469 1181
3470 1181
3471 1181
3472 1181
3473 1181
3474 1181
3475 1181
3476 1181
3477 1181
3478 1181
3479 1181
3480 1181
3481 1181
3482 1181
3483 1181
3484 1181
3485 1181
3486 1181
3487 1181
3488 1181
3489 1181
3490 1181
3491 1181
3492 1181
3493 1181
3494 1181
3495 1181
3496 1181
3497 1181
3498 1181
3499 1181
3500 1181
3501 1181
3502 1181
3503 1181
3504 1181
3505 1181
3506 1181
3507 1181
3508 1181
3509 1181
3510 1181
3511 1181
3512 1181
3513 1181
3514 1181
3515 1181
3516 1181
3517 1181
3518 1181
3519 1181
3520 1181
3521 1181
3522 1181
3523 1181
3524 1181
3525 1181
3526 1181
3527 1181
3528 1181
3529 1181
3530 1181
3531 1181
3532 1181
3533 1181
3534 1181
3535 1181
3536 1181
3537 1181
3538 1181
3539 1181
3540 1181
3541 1181
3542 1181
3543 1181
3544 1181
3545 1181
3546 1181
3547 1181
3548 1181
3549 1181
3550 1181
3551 1181
3552 1181
3553 1181
3554 1181
3555 1181
3556 1181
3557 1181
3558 1181
3559 1181
3560 1181
3561 1181
3562 1181
3563 1181
3564 1181
3565 1181
3566 1181
3567 1181
3568 1181
3569 1181
3570 1181
3571 1181
3572 1181
3573 1181
3574 1181
3575 1181
3576 1181
3577 1181
3578 1181
3579 1181
3580 1181
3581 1181
3582 1181
3583 1181
3584 1181
3585 1181
3586 1181
3587 1181
3588 1181
3589 1181
3590 1181
3591 1181
3592 1181
3593 1181
3594 1181
3595 1177
3596 1177
3597 1177
3598 1177
3599 1177
3600 1177
3601 1177
3602 1177
3603 1177
3604 1177
3605 1177
3606 1177
3607 1177
3608 1177
3609 1177
3610 1177
3611 1177
3612 1177
3613 1177
3614 1177
3615 1177
3616 1181
3617 1181
3618 1181
3619 1181
3620 1181
3621 1181
3622 1181
3623 1181
3624 1181
3625 1181
3626 1181
3627 1181
3628 1181
3629 1181
3630 1181
3631 1181
3632 1181
3633 1181
3634 1181
3635 1181
3636 1181
3637 1181
3638 1181
3639 1181
3640 1181
3641 1181
3642 1181
3643 1181
3644 1181
3645 1181
3646 3646
3647 3646
3648 3646
3649 3646
3650 3646
3651 3646
3652 3646
3653 3646
3654 3646
3655 3646
3656 3646
3657 3646
3658 3646
3659 3646
3660 3646
3661 3646
3662 3646
3663 3646
3664 3646
3665 3646
3666 3646
3667 3646
3668 3646
3669 3646
3670 3646
3671 3646
3672 3646
3673 3646
3674 3646
3675 3646
3676 3646
3677 3646
3678 3646
3679 3646
3680 3646
3681 3646
3682 3646
3683 3646
3684 3646
3685 3646
3686 3646
3687 3646
3688 3646
3689 3646
3690 3646
3691 3646
3692 3646
3693 3646
3694 1
3695 1
3696 1
3697 1
3698 1
3699 1
3700 1
3701 1
3702 1
3703 1
3704 1
3705 1
3706 1
3707 1
3708 1
3709 1
3710 1
3711 1
3712 1
3713 1
3714 1
3715 1
3716 1
3717 1
3718 1
3719 1
3720 1
3721 1
3722 1
3723 1
3724 1
3725 1
3726 1
3727 1
3728 1
3729 1
3730 1
3731 1
3732 1
3733 1
3734 1
3735 1
3736 1
3737 1
3738 1
3739 1
3740 1
3741 1
3742 1
3743 1
3744 1
3745 1
3746 1
3747 1
3748 1
3749 1
3750 1
3751 1
3752 1
3753 1
3754 1
3755 1
3756 1
3757 1
3758 1
3759 1
3760 1
3761 1
3762 1
3763 1
3764 1
3765 1
3766 1
3767 1
3768 1
3769 1
3770 1
3771 1
3772 1
3773 1
3774 1
3775 1
3776 1
3777 1
3778 1
3779 1
3780 1
3781 1
3782 1
3783 1
3784 1
3785 1
3786 1
3787 1
3788 1
3789 1
3790 1
3791 1
3792 1
3793 1
3794 1
3795 1
3796 1
3797 1
3798 1
3799 1
3800 1
3801 1
3802 1
3803 1
3804 1
3805 1
3806 1
3807 1
3808 1
3809 1
3810 1
3811 1
3812 1
3813 1
3814 1
3815 1
3816 1
3817 1
3818 1
3819 1
3820 1
3821 1
3822 1
3823 1
3824 1
3825 1
3826 1
3827 1
3828 1
3829 1
3830 1
3831 1
3832 1
3833 1
3834 1
3835 1
3836 1
3837 1
3838 1
3839 1
3840 1
3841 1
3842 1
3843 1
3844 1
3845 1
3846 1
3847 1
3848 1
3849 1
3850 1
3851 1
3852 1
3853 1
3854 1
3855 1
3856 1
3857 1
3858 1
3859 1
3860 1
3861 1
3862 1
3863 1
3864 1
3865 1
3866 1
3867 1
3868 1
3869 1
3870 1
3871 1
3872 1
3873 1
3874 1
3875 1
3876 1
3877 1
3878 1
3879 1
3880 1
3881 1
3882 1
3883 1
3884 1
3885 1
3886 1
3887 1
3888 1
3889 1
3890 1
3891 1
3892 1
3893 1
3894 1
3895 1
3896 1
3897 1
3898 1
3899 1
3900 1
3901 1
3902 1
3903 1
3904 1
3905 1
3906 1
3907 1
3908 1
3909 1
3910 1
3911 1
3912 1
3913 1
3914 1
3915 1
3916 1
3917 1
3918 1
3919 1
3920 1
3921 1
3922 1
3923 1
3924 1
3925 1
3926 1
3927 1
3928 1
3929 1
3930 1
3931 1
3932 1
3933 1
3934 1
3935 1
3936 1
3937 1
3938 1181
3939 1
3940 1
3941 1
3942 1
3943 1
3944 1
3945 1
3946 1
3947 1
3948 1
3949 1
3950 1
3951 1
3952 1
3953 1
3954 1
3955 1
3956 1
3957 1
3958 1
3959 1
3960 1
3961 1
3962 1
3963 1181
3964 1
3965 1
3966 1
3967 1
3968 1
3969 1
3970 1
3971 1
3972 1
3973 1
3974 1
3975 1
3976 1
3977 3977
3978 1181
3979 1181
3980 1181
3981 1181
3982 1181
3983 1181
3984 3977
3985 1181
3986 1181
3987 3977
3988 3977
3989 1181
3990 1181
3991 1181
3992 1181
3993 1181
3994 1181
3995 1181
3996 1181
3997 1181
3998 1181
3999 1181
4000 1181
4001 1181
4002 1181
4003 1181
4004 1181
4005 1181
4006 1181
4007 1181
4008 1181
4009 1181
4010 1181
4011 1181
4012 1181
4013 3977
4014 1181
4015 1181
4016 3977
4017 1181
4018 1181
4019 1181
4020 1181
4021 1181
4022 1181
4023 1
4024 3977
4025 1181
4026 1181
4027 1181
4028 1181
4029 1181
4030 1181
4031 1181
4032 1181
4033 1181
4034 1181
4035 1181
4036 1181
4037 3977
4038 3977
4039 3977
4040 1181
4041 3977
4042 3977
4043 1181
4044 1181
4045 1181
4046 1181
4047 3977
4048 1181
4049 3977
4050 3977
4051 3977
4052 3977
4053 3977
4054 3977
4055 3977
4056 3977
4057 3977
4058 3977
4059 3977
4060 3977
4061 3977
4062 3977
4063 3977
4064 3977
4065 3977
4066 3977
4067 3977
4068 3977
4069 3977
4070 3977
4071 3977
4072 3977
4073 3977
4074 3977
4075 3977
4076 3977
4077 3977
4078 3977
4079 3977
4080 3977
4081 3977
4082 3977
4083 3977
4084 3977
4085 3977
4086 3977
4087 3977
4088 3977
4089 3977
4090 3977
4091 3977
4092 3977
4093 3977
4094 3977
4095 3977
4096 3977
4097 3977
4098 3977
4099 3977
4100 3977
4101 3977
4102 3977
4103 3977
4104 3977
4105 3977
4106 3977
4107 3977
4108 3977
4109 3977
4110 3977
4111 3977
4112 3977
4113 3977
4114 3977
4115 3977
4116 3977
4117 3977
4118 3977
4119 3977
4120 3977
4121 3977
4122 3977
4123 3977
4124 3977
4125 3977
4126 3977
4127 3977
4128 3977
4129 3977
4130 3977
4131 3977
4132 3977
4133 3977
4134 3977
4135 3977
4136 3977
4137 3977
4138 3977
4139 3977
4140 3977
4141 3977
4142 3977
4143 3977
4144 3977
4145 3977
4146 3977
4147 3977
4148 3977
4149 3977
4150 3977
4151 3977
4152 3977
4153 3977
4154 3977
4155 3977
4156 3977
4157 3977
4158 3977
4159 3977
4160 3977
4161 3977
4162 3977
4163 3977
4164 3977
4165 3977
4166 3977
4167 3977
4168 3977
4169 3977
4170 3977
4171 3977
4172 3977
4173 3977
4174 3977
4175 3977
4176 3977
4177 3977
4178 3977
4179 3977
4180 3977
4181 3977
4182 3977
4183 3977
4184 3977
4185 3977
4186 3977
4187 3977
4188 3977
4189 3977
4190 3977
4191 3977
4192 3977
4193 3977
4194 3977
4195 3977
4196 3977
4197 3977
4198 3977
4199 3977
4200 3977
4201 3977
4202 3977
4203 3977
4204 3977
4205 3977
4206 3977
4207 3977
4208 3977
4209 3977
4210 3977
4211 3977
4212 3977
4213 3977
4214 3977
4215 3977
4216 3977
4217 3977
4218 3977
4219 3977
4220 3977
4221 3977
4222 3977
4223 3977
4224 3977
4225 3977
4226 3977
4227 3977
4228 3977
4229 3977
4230 3977
4231 3977
4232 3977
4233 3977
4234 3977
4235 3977
4236 3977
4237 3977
4238 3977
4239 3977
4240 3977
4241 3977
4242 3977
4243 3977
4244 3977
4245 3977
4246 3977
4247 3977
4248 3977
4249 3977
4250 3977
4251 3977
4252 3977
4253 3977
4254 3977
4255 3977
4256 3977
4257 3977
4258 3977
4259 3977
4260 3977
4261 3977
4262 3977
4263 3977
4264 3977
4265 3977
4266 3977
4267 3977
4268 3977
4269 3977
4270 3977
4271 3977
4272 3977
4273 3977
4274 3977
4275 3977
4276 3977
4277 3977
4278 3977
4279 3977
4280 3977
4281 3977
4282 3977
4283 3977
4284 3977
4285 3977
4286 3977
4287 3977
4288 3977
4289 3977
4290 3977
4291 3977
4292 3977
4293 3977
4294 3977
4295 3977
4296 3977
4297 3977
4298 3977
4299 3977
4300 3977
4301 3977
4302 3977
4303 3977
4304 3977
4305 3977
4306 3977
4307 3977
4308 3977
4309 3977
4310 3977
4311 3977
4312 3977
4313 3977
4314 3977
4315 3977
4316 3977
4317 3977
4318 3977
4319 3977
4320 3977
4321 3977
4322 3977
4323 3977
4324 3977
4325 3977
4326 3977
4327 3977
4328 3977
4329 3977
4330 3977
4331 3977
4332 3977
4333 3977
4334 3977
4335 3977
4336 3977
4337 3977
4338 3977
4339 3977
4340 3977
4341 3977
4342 3977
4343 3977
4344 3977
4345 3977
4346 3977
4347 3977
4348 3977
4349 3977
4350 3977
4351 3977
4352 3977
4353 3977
4354 3977
4355 3977
4356 3977
4357 3977
4358 3977
4359 3977
4360 3977
4361 3977
4362 3977
4363 3977
4364 3977
4365 3977
4366 3977
4367 3977
4368 3977
4369 3977
4370 3977
4371 3977
4372 3977
4373 3977
4374 3977
4375 3977
4376 3977
4377 3977
4378 3977
4379 3977
4380 3977
4381 3977
4382 3977
4383 3977
4384 3977
4385 3977
4386 3977
4387 3977
4388 3977
4389 3977
4390 3977
4391 3977
4392 3977
4393 3977
4394 3977
4395 3977
4396 3977
4397 3977
4398 3977
4399 3977
4400 3977
4401 3977
4402 3977
4403 3977
4404 3977
4405 3977
4406 3977
4407 3977
4408 3977
4409 3977
4410 3977
4411 3977
4412 3977
4413 3977
4414 3977
4415 3977
4416 3977
4417 3977
4418 3977
4419 3977
4420 3977
4421 3977
4422 3977
4423 3977
4424 3977
4425 3977
4426 3977
4427 3977
4428 3977
4429 3977
4430 3977
4431 3977
4432 3977
4433 3977
4434 3977
4435 3977
4436 3977
4437 3977
4438 3977
4439 3977
4440 3977
4441 3977
4442 3977
4443 3977
4444 3977
4445 3977
4446 3977
4447 3977
4448 3977
4449 3977
4450 3977
4451 3977
4452 3977
4453 3977
4454 3977
4455 3977
4456 3977
4457 3977
4458 3977
4459 3977
4460 3977
4461 3977
4462 3977
4463 3977
4464 3977
4465 3977
4466 3977
4467 3977
4468 3977
4469 3977
4470 3977
4471 3977
4472 3977
4473 3977
4474 3977
4475 3977
4476 3977
4477 3977
4478 3977
4479 3977
4480 3977
4481 3977
4482 3977
4483 3977
4484 1181
4485 1181
4486 3977
4487 3977
4488 3977
4489 3977
4490 1181
4491 1181
4492 1181
4493 1181
4494 3977
4495 1181
4496 3977
4497 3977
4498 1181
4499 3977
4500 3977
4501 3977
4502 3977
4503 3977
4504 1181
4505 3977
4506 3977
4507 1181
4508 1181
4509 1181
4510 1181
4511 3977
4512 1181
4513 1181
4514 1181
4515 1181
4516 1181
4517 1181
4518 1181
4519 1181
4520 1181
4521 1181
4522 1181
4523 3977
4524 1181
4525 1181
4526 3977
4527 3977
4528 3977
4529 3977
4530 3977
4531 3977
4532 3977
4533 1181
4534 1181
4535 1181
4536 3977
4537 1181
4538 3977
4539 3977
4540 3977
4541 3977
4542 3977
4543 3977
4544 3977
4545 3977
4546 1181
4547 3977
4548 3977
4549 3977
4550 1181
4551 3977
4552 3977
4553 3977
4554 3977
4555 3977
4556 3977
4557 3977
4558 3977
4559 3977
4560 3977
4561 3977
4562 3977
4563 3977
4564 3977
4565 3977
4566 3977
4567 3977
4568 3977
4569 3977
4570 3977
4571 3977
4572 3977
4573 3977
4574 3977
4575 1181
4576 1181
4577 1181
4578 1181
4579 1181
4580 1181
4581 1181
4582 1181
4583 1181
4584 1181
4585 1181
4586 1181
4587 1181
4588 1181
4589 1181
4590 1181
4591 1181
4592 1181
4593 1181
4594 1181
4595 1181
4596 1181
4597 1181
4598 1181
4599 1181
4600 1181
4601 1181
4602 1181
4603 1181
4604 1181
4605 1181
4606 1181
4607 1181
4608 1181
4609 1181
4610 1181
4611 1181
4612 1181
4613 1181
4614 1181
4615 1181
4616 1181
4617 1181
4618 1181
4619 1181
4620 1181
4621 1181
4622 1181
4623 1181
4624 1181
4625 1181
4626 1181
4627 1181
4628 1181
4629 1181
4630 1181
4631 1181
4632 1181
4633 1181
4634 1181
4635 1181
4636 1181
4637 1181
4638 1181
4639 1181
4640 1181
4641 1181
4642 1181
4643 1181
4644 1181
4645 1181
4646 1181
4647 1181
4648 1181
4649 1181
4650 1181
4651 1181
4652 1181
4653 1181
4654 1181
4655 1181
4656 1181
4657 1181
4658 1181
4659 1181
4660 1181
4661 1181
4662 1181
4663 1181
4664 1181
4665 1181
4666 1181
4667 1181
4668 1181
4669 1181
4670 1181
4671 1181
4672 1181
4673 1181
4674 1181
4675 1181
4676 1181
4677 1181
4678 1181
4679 1181
4680 1181
4681 1181
4682 1181
4683 1181
4684 1181
4685 1181
4686 1181
4687 1181
4688 1181
4689 1181
4690 1181
4691 1181
4692 1181
4693 1181
4694 1181
4695 1181
4696 1181
4697 1181
4698 1181
4699 1181
4700 1181
4701 1181
4702 1181
4703 1181
4704 1181
4705 1181
4706 1181
4707 1181
4708 1181
4709 1181
4710 1181
4711 1181
4712 1181
4713 1181
4714 1181
4715 1181
4716 1181
4717 1181
4718 1181
4719 1181
4720 1181
4721 1181
4722 1181
4723 1181
4724 1181
4725 1181
4726 1181
4727 1181
4728 1181
4729 1181
4730 1181
4731 1181
4732 1181
4733 1181
4734 1181
4735 1181
4736 1181
4737 1181
4738 1181
4739 1181
4740 1181
4741 1181
4742 1181
4743 1181
4744 1181
4745 1181
4746 1181
4747 1181
4748 1181
4749 1181
4750 1181
4751 1181
4752 1181
4753 1181
4754 1181
4755 1181
4756 1181
4757 1181
4758 1181
4759 1181
4760 1181
4761 1181
4762 1181
4763 1181
4764 1181
4765 1181
4766 1181
4767 1181
4768 1181
4769 1181
4770 1181
4771 1181
4772 1181
4773 1181
4774 1181
4775 1181
4776 1181
4777 1181
4778 1181
4779 1181
4780 1181
4781 1181
4782 1181
4783 1181
4784 1181
4785 1181
4786 1181
4787 1181
4788 1181
4789 1181
4790 1181
4791 1181
4792 1181
4793 1181
4794 1181
4795 1181
4796 1181
4797 1181
4798 1181
4799 1181
4800 1181
4801 1181
4802 1181
4803 1181
4804 1181
4805 1181
4806 1181
4807 1181
4808 1181
4809 1181
4810 1181
4811 1181
4812 1181
4813 1181
4814 1181
4815 1181
4816 1181
4817 1181
4818 1181
4819 1181
4820 1181
4821 1181
4822 1181
4823 1181
4824 1181
4825 1181
4826 1181
4827 1181
4828 1181
4829 1181
4830 1181
4831 1181
4832 1181
4833 1181
4834 1181
4835 1181
4836 1181
4837 1181
4838 1181
4839 1181
4840 1181
4841 1181
4842 1181
4843 1181
4844 1181
4845 1181
4846 1181
4847 1181
4848 1181
4849 1181
4850 1181
4851 1181
4852 1181
4853 1181
4854 1181
4855 1181
4856 1181
4857 1181
4858 1181
4859 1181
4860 1181
4861 1181
4862 1181
4863 1181
4864 1181
4865 1181
4866 1181
4867 1181
4868 1181
4869 1181
4870 1181
4871 1181
4872 1181
4873 1181
4874 1181
4875 1181
4876 1181
4877 1181
4878 1181
4879 1181
4880 1181
4881 1
4882 1
4883 1
4884 1
4885 1
4886 1
4887 1
4888 1
4889 1
4890 1
4891 1
4892 1
4893 1
4894 1
4895 1
4896 1
4897 1
4898 1
4899 1
4900 1
4901 1
4902 1
4903 1
4904 1
4905 1
4906 1
4907 1
4908 1
4909 1
4910 1
4911 1
4912 1181
4913 1181
4914 1181
4915 1181
4916 1181
4917 1181
4918 1181
4919 1181
4920 1181
4921 1181
4922 1181
4923 1
4924 1181
4925 1181
4926 1181
4927 1181
4928 1181
4929 1181
4930 1181
4931 1181
4932 1181
4933 1181
4934 1181
4935 1181
4936 1181
4937 1
4938 1181
4939 1181
4940 1181
4941 1181
4942 1181
4943 1181
4944 1181
4945 1181
4946 1
4947 1181
4948 1181
4949 1181
4950 1181
4951 1181
4952 1181
4953 1181
4954 1181
4955 1181
4956 1181
4957 1181
4958 1181
4959 1
4960 1
4961 1
4962 1
4963 1
4964 1
4965 1
4966 1
4967 1
4968 1
4969 1
4970 1
4971 1
4972 1
4973 1
4974 1
4975 1
4976 1
4977 1
4978 1
4979 1
4980 1
4981 1
4982 1
4983 1
4984 1
4985 1
4986 1181
4987 1
4988 1
4989 1
4990 1
4991 1
4992 1
4993 1
4994 1
4995 1
4996 1
4997 1
4998 1181
4999 1
5000 1
5001 1
5002 1
5003 1181
5004 1
5005 1
5006 1
5007 1
5008 1
5009 1
5010 1
5011 1
5012 1
5013 1
5014 1
5015 1
5016 1
5017 1
5018 1
5019 1
5020 1
5021 1
5022 1
5023 1
5024 1
5025 1
5026 1
5027 1
5028 1
5029 1
5030 1
5031 1
5032 1
5033 1
5034 1
5035 1
5036 1
5037 1
5038 1
5039 1
5040 1
5041 1
5042 1
5043 1
5044 1181
5045 1181
5046 1181
5047 1181
5048 1181
5049 1181
5050 1181
5051 1181
5052 1181
5053 1181
5054 1181
5055 1181
5056 1181
5057 1181
5058 1181
5059 1181
5060 1181
5061 1181
5062 1181
5063 1181
5064 1181
5065 1181
5066 1181
5067 1181
5068 1181
5069 1181
5070 1181
5071 1181
5072 1181
5073 1181
5074 1181
5075 1181
5076 1181
5077 1181
5078 1181
5079 1181
5080 1181
5081 1181
5082 1181
5083 1181
5084 1181
5085 1181
5086 1181
5087 1181
5088 1181
5089 1181
5090 1181
5091 1181
5092 1181
5093 1181
5094 1181
5095 1181
5096 1181
5097 1181
5098 1181
5099 1181
5100 1181
5101 1181
5102 1181
5103 1181
5104 1181
5105 1181
5106 1181
5107 1181
5108 1181
5109 1181
5110 1181
5111 1181
5112 1181
5113 1181
5114 1181
5115 1181
5116 1181
5117 1181
5118 1181
5119 1181
5120 1181
5121 1181
5122 1181
5123 1181
5124 1181
5125 1181
5126 1181
5127 1181
5128 1181
5129 1181
5130 1181
5131 1181
5132 1181
5133 1181
5134 1181
5135 1181
5136 1181
5137 1181
5138 1181
5139 1181
5140 1181
5141 1181
5142 1181
5143 1181
5144 1181
5145 1181
5146 1181
5147 1181
5148 1181
5149 1181
5150 1181
5151 1181
5152 1181
5153 1181
5154 1181
5155 1181
5156 1181
5157 1181
5158 1181
5159 1181
5160 1181
5161 1181
5162 1181
5163 1181
5164 1181
5165 1181
5166 1181
5167 1181
5168 1181
5169 1
5170 1
5171 1
5172 1
5173 1
5174 1
5175 1
5176 1
5177 1
5178 1
5179 1
5180 1
5181 1
5182 1
5183 1
5184 1
5185 1
5186 1
5187 1
5188 1
5189 1
5190 1
5191 1
5192 1
5193 1
5194 1
5195 1
5196 1
5197 1
5198 1
5199 1
5200 1
5201 1
5202 1
5203 1
5204 1
5205 1
5206 1
5207 1
5208 1
5209 1
5210 1
5211 1
5212 1
5213 1
5214 1
5215 1
5216 1
5217 1
5218 1
5219 1
5220 1
5221 1
5222 1
5223 1
5224 1
5225 1
5226 1
5227 1
5228 1
5229 1
5230 1
5231 1
5232 1
5233 1
5234 1
5235 1
5236 1
5237 1
5238 1
5239 1
5240 1
5241 1
5242 1
5243 1
5244 1
5245 1
5246 1
5247 1
5248 1
5249 1
5250 1
5251 1
5252 1
5253 1
5254 1
5255 1
5256 1
5257 1
5258 1
5259 1
5260 1
5261 1
5262 1
5263 1
5264 1
5265 1
5266 1
5267 1
5268 1
5269 1
5270 1
5271 1
5272 1
5273 1
5274 1
5275 1
5276 1
5277 1
5278 1
5279 1
5280 1
5281 1
5282 1
5283 1
5284 1
5285 1
5286 1
5287 1
5288 1
5289 1
5290 1
5291 1
5292 1
5293 1
5294 1
5295 1
5296 1
5297 1
5298 1
5299 1
5300 1
5301 1
5302 1
5303 1
5304 1
5305 1
5306 1
5307 1
5308 1
5309 1
5310 1
5311 1
5312 1
5313 1
5314 1
5315 1
5316 1
5317 1
5318 1
5319 1
5320 1
5321 1
5322 1
5323 1
5324 1
5325 1
5326 1
5327 1
5328 1
5329 1
5330 1
5331 1
5332 1
5333 1
5334 1
5335 1
5336 1
5337 1181
5338 1181
5339 1181
5340 1181
5341 1181
5342 1181
5343 1181
5344 1181
5345 1181
5346 1181
5347 1181
5348 1181
5349 1181
5350 1181
5351 1181
5352 1181
5353 1181
5354 1181
5355 1181
5356 1181
5357 1181
5358 1181
5359 1181
5360 1181
5361 1181
5362 1181
5363 1181
5364 1181
5365 1181
5366 1181
5367 1181
5368 1181
5369 1181
5370 1181
5371 1181
5372 1181
5373 1181
5374 1181
5375 1181
5376 1181
5377 1181
5378 1181
5379 1181
5380 1181
5381 1181
5382 1181
5383 1181
5384 1181
5385 1181
5386 1181
5387 1181
5388 1181
5389 1181
5390 1181
5391 1181
5392 1181
5393 1181
5394 1181
5395 1181
5396 1181
5397 1181
5398 1181
5399 1181
5400 1181
5401 1181
5402 1181
5403 1181
5404 1181
5405 1181
5406 1181
5407 1181
5408 1181
5409 1181
5410 1181
5411 1181
5412 1181
5413 1181
5414 1181
5415 1181
5416 1181
5417 1181
5418 1181
5419 1181
5420 1181
5421 1181
5422 1181
5423 1181
5424 1181
5425 1181
5426 1181
5427 1181
5428 1181
5429 1181
5430 1181
5431 1181
5432 1181
5433 1181
5434 1181
5435 1181
5436 1181
5437 1181
5438 1181
5439 1181
5440 1181
5441 1181
5442 1181
5443 1181
5444 1181
5445 1181
5446 1
5447 1
5448 1181
5449 1181
5450 1
5451 1
5452 1181
5453 1181
5454 1
5455 1
5456 1
5457 1
5458 1
5459 1181
5460 1
5461 1181
5462 1
5463 1
5464 1
5465 1
5466 1
5467 1
5468 1
5469 1181
5470 1181
5471 1
5472 1
5473 1
5474 1181
5475 1181
5476 1181
5477 1181
5478 1181
5479 1181
5480 1181
5481 1181
5482 1181
5483 1181
5484 1181
5485 1181
5486 1181
5487 1181
5488 1181
5489 1181
5490 1181
5491 1181
5492 1181
5493 1181
5494 1181
5495 1181
5496 1181
5497 1181
5498 1181
5499 1181
5500 1181
5501 1181
5502 1181
5503 1181
5504 1181
5505 1181
5506 1181
5507 1181
5508 1181
5509 1181
5510 1181
5511 1181
5512 1181
5513 1181
5514 1181
5515 1181
5516 1181
5517 1181
5518 1181
5519 1181
5520 1181
5521 1181
5522 1181
5523 1181
5524 1181
5525 1181
5526 1181
5527 1181
5528 1181
5529 1181
5530 1181
5531 1181
5532 1181
5533 1181
5534 1181
5535 1181
5536 1181
5537 1181
5538 1181
5539 1181
5540 1181
5541 1181
5542 1181
5543 1181
5544 1181
5545 1181
5546 1181
5547 1181
5548 1181
5549 1181
5550 1181
5551 1181
5552 1181
5553 1181
5554 1181
5555 1181
5556 1181
5557 1181
5558 1181
5559 1181
5560 1181
5561 1181
5562 1181
5563 1181
5564 1181
5565 1181
5566 1181
5567 1181
5568 1181
5569 1181
5570 1181
5571 1181
5572 1181
5573 1181
5574 1181
5575 1181
5576 1181
5577 1181
5578 1181
5579 1181
5580 1181
5581 1181
5582 1181
5583 1181
5584 1181
5585 1181
5586 1181
5587 1181
5588 1181
5589 1181
5590 1181
5591 1181
5592 1181
5593 1181
5594 1181
5595 1181
5596 1181
5597 1181
5598 1181
5599 1181
5600 1181
5601 1181
5602 1181
5603 1181
5604 1181
5605 1181
5606 1181
5607 1181
5608 1181
5609 1181
5610 1181
5611 1181
5612 1181
5613 1181
5614 1181
5615 1181
5616 1181
5617 1181
5618 1181
5619 1181
5620 1181
5621 1181
5622 1181
5623 1181
5624 1181
5625 1181
5626 1181
5627 1181
5628 1181
5629 1181
5630 1181
5631 1181
5632 1181
5633 1181
5634 1181
5635 1181
5636 1181
5637 1181
5638 1181
5639 1181
5640 1181
5641 1181
5642 1181
5643 1181
5644 1181
5645 1181
5646 1181
5647 1181
5648 1181
5649 1181
5650 1181
5651 1181
5652 1181
5653 1181
5654 1181
5655 1181
5656 1181
5657 1181
5658 1181
5659 1181
5660 1181
5661 1181
5662 1181
5663 1181
5664 1181
5665 1181
5666 1181
5667 1181
5668 1181
5669 1181
5670 1181
5671 1181
5672 1181
5673 1181
5674 1181
5675 1181
5676 1181
5677 1181
5678 1181
5679 1181
5680 1181
5681 1181
5682 1181
5683 1181
5684 1181
5685 1181
5686 1181
5687 1181
5688 1181
5689 1181
5690 1181
5691 1181
5692 1181
5693 1181
5694 1181
5695 1181
5696 1181
5697 1181
5698 1181
5699 1181
5700 1181
5701 1181
5702 1181
5703 1181
5704 1181
5705 1181
5706 1181
5707 1181
5708 1181
5709 1181
5710 1181
5711 1181
5712 1181
5713 1181
5714 1181
5715 1181
5716 1181
5717 1181
5718 1181
5719 1181
5720 1181
5721 1181
5722 1181
5723 1181
5724 1181
5725 1181
5726 1181
5727 1181
5728 1181
5729 1181
5730 1181
5731 1181
5732 1181
5733 1181
5734 1181
5735 1181
5736 1181
5737 1181
5738 1181
5739 1181
5740 1181
5741 1181
5742 1181
5743 1181
5744 1181
5745 1181
5746 1181
5747 1181
5748 1181
5749 1181
5750 1181
5751 1181
5752 1181
5753 1181
5754 1181
5755 1181
5756 1181
5757 1181
5758 1181
5759 1181
5760 1181
5761 1181
5762 1181
5763 1181
5764 1181
5765 1181
5766 1181
5767 1181
5768 1181
5769 1181
5770 1181
5771 1181
5772 1181
5773 1181
5774 1181
5775 1181
5776 1181
5777 1181
5778 1181
5779 1181
5780 1181
5781 1181
5782 1181
5783 1181
5784 1181
5785 1181
5786 1181
5787 1181
5788 1181
5789 1181
5790 1181
5791 1181
5792 1181
5793 1181
5794 1181
5795 1181
5796 1181
5797 1181
5798 1181
5799 1181
5800 1181
5801 1181
5802 1181
5803 1181
5804 1181
5805 1181
5806 1181
5807 1181
5808 1181
5809 1181
5810 1181
5811 1181
5812 1181
5813 1181
5814 1181
5815 1181
5816 1181
5817 1181
5818 1181
5819 1181
5820 1181
5821 1181
5822 1181
5823 1181
5824 1181
5825 1181
5826 1181
5827 1181
5828 1181
5829 1181
5830 1181
5831 1181
5832 1181
5833 1181
5834 1181
5835 1181
5836 1181
5837 1181
5838 1181
5839 1181
5840 1181
5841 1181
5842 1177
5843 1177
5844 1177
5845 1177
5846 1177
5847 1177
5848 1177
5849 1177
5850 1177
5851 1177
5852 1177
5853 1177
5854 1177
5855 1177
5856 1177
5857 1177
5858 1177
5859 1177
5860 1177
5861 1177
5862 1177
5863 1177
5864 1177
5865 1177
5866 1177
5867 1177
5868 1177
5869 1177
5870 1177
5871 1177
5872 1177
5873 1177
5874 1177
5875 1177
5876 1177
5877 1177
5878 1177
5879 1177
5880 1177
5881 1177
5882 1177
5883 1177
5884 1177
5885 1177
5886 1177
5887 1177
5888 1177
5889 1177
5890 1177
5891 1177
5892 1177
5893 1177
5894 1177
5895 1177
5896 1177
5897 1177
5898 1177
5899 1177
5900 1177
5901 1177
5902 1177
5903 1177
5904 1177
5905 1177
5906 1177
5907 1177
5908 1177
5909 1177
5910 1177
5911 1177
5912 1177
5913 1177
5914 1177
5915 1177
5916 1177
5917 1177
5918 1177
5919 1177
5920 1177
5921 1177
5922 1177
5923 1177
5924 1177
5925 1177
5926 1177
5927 1177
5928 1177
5929 1177
5930 1177
5931 1177
5932 1177
5933 1177
5934 1177
5935 1177
5936 1177
5937 1177
5938 1177
5939 1177
5940 1177
5941 1177
5942 1177
5943 1177
5944 1177
5945 1177
5946 1177
5947 1177
5948 1177
5949 1177
5950 1177
5951 1177
5952 1177
5953 1177
5954 1177
5955 1177
5956 1177
5957 1177
5958 1177
5959 1177
5960 1177
5961 1177
5962 1177
5963 1177
5964 1177
5965 1177
5966 1177
5967 1177
5968 1177
5969 1177
5970 1177
5971 1177
5972 1177
5973 1177
5974 1177
5975 1177
5976 1177
5977 1177
5978 1177
5979 1177
5980 1177
5981 1177
5982 1177
5983 1177
5984 1177
5985 1177
5986 1177
5987 1177
5988 1177
5989 1177
5990 1177
5991 1177
5992 1177
5993 1177
5994 1177
5995 1177
5996 1177
5997 1177
5998 1177
5999 1177
6000 1177
6001 1177
6002 1177
6003 1177
6004 1177
6005 1177
6006 1177
6007 1177
6008 1177
6009 1177
6010 1177
6011 1177
6012 1177
6013 1177
6014 1177
6015 1177
6016 1177
6017 1177
6018 1177
6019 1177
6020 1177
6021 1177
6022 1177
6023 1177
6024 1177
6025 1177
6026 1177
6027 1177
6028 1177
6029 1177
6030 1177
6031 1177
6032 1177
6033 1177
6034 1177
6035 1177
6036 1177
6037 1177
6038 1177
6039 1177
6040 1177
6041 1177
6042 1177
6043 1177
6044 1177
6045 1177
6046 1177
6047 1177
6048 1177
6049 1177
6050 1177
6051 1177
6052 1177
6053 1177
6054 1177
6055 1177
6056 1177
6057 1177
6058 1177
6059 1177
6060 1177
6061 1177
6062 1177
6063 1177
6064 1177
6065 1177
6066 1177
6067 1177
6068 1177
6069 1177
6070 1177
6071 1177
6072 1177
6073 1177
6074 1177
6075 1177
6076 1177
6077 1177
6078 1177
6079 1177
6080 1177
6081 1177
6082 1177
6083 1177
6084 1177
6085 1177
6086 1177
6087 1177
6088 1177
6089 1177
6090 1177
6091 1177
6092 1177
6093 1177
6094 1177
6095 1177
6096 1177
6097 1177
6098 1177
6099 1177
6100 1177
6101 1177
6102 1181
6103 1177
6104 1177
6105 1177
6106 1177
6107 1177
6108 1177
6109 1177
6110 1177
6111 1177
6112 1177
6113 1177
6114 1177
6115 1177
6116 1177
6117 1177
6118 1177
6119 1177
6120 1177
6121 1177
6122 1177
6123 1177
6124 1177
6125 1177
6126 1177
6127 1177
6128 1177
6129 1177
6130 1177
6131 1177
6132 1177
6133 1177
6134 1177
6135 1177
6136 1177
6137 1177
6138 1177
6139 1177
6140 1177
6141 1177
6142 1177
6143 1177
6144 1177
6145 1177
6146 1177
6147 1177
6148 1177
6149 1177
6150 1177
6151 1177
6152 1177
6153 1177
6154 1177
6155 1177
6156 1177
6157 1177
6158 1177
6159 1177
6160 1177
6161 1177
6162 1177
6163 1177
6164 1177
6165 1177
6166 1177
6167 1177
6168 1177
6169 1177
6170 1177
6171 1177
6172 1177
6173 1177
6174 1177
6175 1177
6176 1177
6177 1177
6178 1177
6179 1177
6180 1177
6181 1177
6182 1177
6183 1177
6184 1177
6185 1177
6186 1177
6187 1177
6188 1177
6189 1177
6190 1177
6191 1177
6192 1177
6193 1177
6194 1177
6195 1177
6196 1177
6197 1177
6198 1177
6199 1177
6200 1177
6201 1177
6202 1177
6203 1177
6204 1177
6205 1177
6206 1177
6207 1177
6208 1177
6209 1177
6210 1177
6211 1177
6212 1177
6213 1177
6214 1177
6215 1177
6216 1177
6217 1177
6218 1177
6219 1177
6220 1177
6221 1177
6222 1177
6223 1177
6224 1177
6225 1177
6226 1177
6227 1177
6228 1177
6229 1177
6230 1177
6231 1177
6232 1177
6233 1177
6234 1177
6235 1177
6236 1177
6237 1177
6238 1177
6239 1177
6240 1177
6241 1177
6242 1177
6243 1177
6244 1177
6245 1177
6246 1177
6247 1177
6248 1177
6249 1177
6250 1177
6251 1177
6252 1177
6253 1177
6254 1177
6255 1177
6256 1177
6257 1177
6258 1177
6259 1177
6260 1177
6261 1177
6262 1177
6263 1177
6264 1177
6265 1177
6266 1177
6267 1177
6268 1177
6269 1177
6270 1177
6271 1177
6272 1177
6273 1177
6274 1177
6275 1177
6276 1177
6277 1177
6278 1177
6279 1177
6280 1177
6281 1177
6282 1177
6283 1177
6284 1177
6285 1177
6286 1177
6287 1177
6288 1177
6289 1177
6290 1177
6291 1177
6292 1177
6293 1177
6294 1177
6295 1177
6296 3977
6297 1177
6298 1177
6299 1177
6300 1177
6301 1177
6302 1177
6303 1177
6304 1177
6305 1177
6306 1177
6307 1177
6308 1177
6309 1177
6310 1177
6311 1177
6312 1177
6313 1177
6314 1177
6315 1177
6316 1177
6317 1177
6318 1181
6319 1177
6320 1177
6321 1177
6322 1177
6323 1177
6324 1177
6325 1177
6326 1177
6327 1177
6328 1181
6329 1177
6330 1181
6331 1181
6332 1181
6333 1177
6334 1177
6335 1177
6336 1177
6337 1177
6338 1177
6339 1181
6340 1177
6341 1177
6342 1177
6343 1181
6344 1181
6345 1181
6346 1181
6347 1181
6348 1181
6349 1181
6350 1181
6351 1181
6352 1181
6353 1181
6354 1181
6355 1181
6356 1181
6357 1181
6358 1181
6359 1181
6360 1181
6361 1181
6362 1181
6363 1181
6364 1181
6365 1181
6366 1181
6367 1181
6368 1181
6369 1181
6370 1181
6371 1181
6372 1181
6373 1181
6374 1181
6375 1181
6376 1181
6377 1181
6378 1181
6379 1181
6380 1181
6381 1181
6382 1181
6383 1181
6384 1181
6385 1181
6386 1181
6387 1181
6388 1181
6389 1181
6390 1181
6391 1181
6392 1181
6393 1181
6394 1181
6395 1181
6396 1181
6397 1181
6398 1181
6399 1181
6400 1181
6401 1181
6402 1181
6403 1181
6404 1181
6405 1181
6406 1181
6407 1181
6408 1181
6409 1181
6410 1181
6411 1181
6412 1181
6413 1181
6414 1181
6415 1181
6416 1181
6417 1181
6418 1181
6419 1181
6420 1181
6421 1181
6422 1181
6423 1181
6424 1181
6425 1181
6426 1181
6427 1181
6428 1181
6429 1181
6430 1181
6431 1181
6432 1181
6433 1181
6434 1181
6435 1181
6436 1181
6437 1181
6438 1181
6439 1181
6440 1181
6441 1181
6442 1181
6443 1181
6444 1181
6445 1181
6446 1181
6447 1181
6448 1181
6449 1181
6450 1181
6451 1181
6452 1181
6453 1181
6454 1181
6455 1181
6456 1181
6457 1181
6458 1181
6459 1181
6460 1181
6461 1181
6462 1181
6463 1181
6464 1181
6465 1181
6466 1181
6467 1181
6468 1181
6469 1181
6470 1181
6471 1181
6472 1181
6473 1181
6474 1181
6475 1181
6476 1181
6477 1181
6478 1181
6479 1181
6480 1181
6481 1181
6482 1181
6483 1181
6484 1181
6485 1181
6486 1181
6487 1181
6488 1181
6489 1181
6490 1181
6491 1181
6492 1181
6493 1181
6494 1181
6495 1181
6496 1181
6497 1181
6498 1181
6499 1181
6500 1181
6501 1181
6502 1181
6503 1181
6504 1181
6505 1181
6506 1181
6507 1181
6508 1181
6509 1181
6510 1181
6511 1181
6512 1181
6513 1181
6514 1181
6515 1181
6516 1181
6517 1181
6518 1181
6519 1181
6520 1181
6521 1181
6522 1181
6523 1181
6524 1181
6525 1181
6526 1181
6527 1181
6528 1181
6529 1181
6530 1181
6531 1181
6532 1181
6533 1181
6534 1181
6535 1181
6536 1181
6537 1181
6538 1181
6539 1181
6540 1181
6541 1181
6542 1181
6543 1181
6544 1181
6545 1181
6546 1181
6547 1181
6548 1181
6549 1181
6550 1181
6551 1181
6552 1181
6553 1181
6554 1181
6555 1181
6556 1181
6557 1181
6558 1181
6559 1181
6560 1181
6561 1181
6562 1181
6563 1181
6564 1181
6565 1181
6566 1181
6567 1181
6568 1181
6569 1181
6570 1181
6571 1181
6572 1181
6573 1181
6574 1181
6575 1181
6576 1181
6577 1181
6578 1181
6579 1181
6580 1181
6581 1181
6582 1181
6583 1181
6584 1181
6585 1181
6586 1181
6587 1181
6588 1181
6589 1181
6590 1181
6591 1181
6592 1181
6593 1181
6594 1181
6595 1181
6596 1181
6597 1181
6598 1181
6599 1181
6600 1181
6601 1181
6602 1181
6603 1181
6604 1181
6605 1181
6606 1181
6607 1181
6608 1181
6609 1181
6610 1181
6611 1181
6612 1181
6613 1181
6614 1181
6615 1181
6616 1181
6617 1181
6618 1181
6619 1181
6620 1181
6621 1181
6622 1181
6623 1181
6624 1181
6625 1181
6626 1181
6627 1181
6628 1181
6629 1181
6630 1181
6631 1181
6632 1181
6633 1181
6634 1181
6635 1181
6636 1181
6637 1181
6638 1181
6639 1181
6640 1181
6641 1181
6642 1181
6643 1181
6644 1181
6645 1181
6646 1181
6647 1181
6648 1181
6649 1181
6650 1181
6651 1181
6652 1181
6653 1181
6654 1181
6655 1181
6656 1181
6657 1181
6658 1181
6659 1181
6660 1181
6661 1181
6662 1181
6663 1181
6664 1181
6665 1181
6666 1181
6667 1181
6668 1181
6669 1181
6670 1181
6671 1181
6672 1181
6673 1181
6674 1181
6675 1181
6676 1181
6677 1181
6678 1181
6679 1181
6680 1181
6681 1181
6682 1181
6683 1181
6684 1181
6685 1181
6686 1181
6687 1181
6688 1181
6689 1181
6690 1181
6691 1181
6692 1181
6693 1181
6694 1181
6695 1181
6696 1181
6697 1181
6698 1181
6699 1181
6700 1181
6701 1181
6702 1181
6703 1181
6704 1181
6705 1181
6706 1181
6707 1181
6708 1181
6709 1181
6710 1181
6711 1181
6712 1181
6713 1181
6714 1181
6715 1181
6716 1181
6717 1181
6718 1181
6719 1181
6720 1181
6721 1181
6722 1181
6723 1181
6724 1181
6725 1181
6726 1181
6727 1181
6728 1181
6729 1181
6730 1181
6731 1181
6732 1181
6733 1181
6734 1181
6735 1181
6736 1177
6737 1177
6738 1177
6739 1177
6740 1177
6741 1177
6742 1177
6743 1177
6744 1177
6745 1177
6746 1177
6747 1177
6748 1177
6749 1181
6750 1181
6751 1181
6752 1181
6753 1181
6754 1181
6755 1181
6756 1181
6757 1181
6758 1181
6759 1181
6760 1181
6761 1181
6762 1181
6763 1181
6764 1181
6765 1181
6766 1181
6767 1181
6768 1181
6769 1181
6770 1181
6771 1181
6772 1181
6773 1181
6774 1181
6775 1181
6776 1177
6777 1177
6778 1177
6779 1177
6780 1177
6781 1181
6782 1181
6783 1181
6784 1177
6785 1181
6786 1181
6787 1177
6788 1181
6789 1181
6790 1181
6791 1181
6792 1177
6793 1181
6794 1181
6795 1177
6796 1181
6797 1177
6798 1177
6799 1181
6800 1181
6801 1177
6802 1181
6803 1181
6804 1177
6805 1181
6806 1181
6807 1181
6808 1181
6809 1181
6810 1181
6811 1181
6812 1181
6813 1181
6814 1181
6815 1181
6816 1181
6817 1181
6818 1181
6819 1181
6820 1181
6821 1181
6822 1181
6823 1181
6824 1181
6825 1181
6826 1181
6827 1181
6828 1181
6829 1181
6830 1181
6831 1181
6832 1181
6833 1181
6834 1181
6835 1181
6836 1181
6837 1181
6838 1181
6839 1181
6840 1181
6841 1181
6842 1181
6843 1181
6844 1181
6845 1181
6846 1181
6847 1181
6848 1181
6849 1181
6850 1181
6851 1181
6852 1181
6853 1181
6854 1181
6855 1181
6856 1181
6857 1181
6858 1181
6859 1181
6860 1181
6861 1181
6862 1181
6863 1181
6864 1181
6865 1181
6866 1181
6867 1181
6868 1181
6869 1181
6870 1181
6871 1181
6872 1181
6873 1181
6874 1181
6875 1181
6876 1181
6877 1181
6878 1181
6879 1181
6880 1181
6881 1181
6882 1181
6883 1181
6884 1181
6885 1181
6886 1181
6887 1181
6888 1181
6889 1181
6890 1181
6891 1181
6892 1181
6893 1181
6894 1181
6895 1181
6896 1181
6897 1181
6898 1181
6899 1181
6900 1181
6901 1181
6902 1181
6903 1181
6904 1181
6905 1181
6906 1181
6907 1181
6908 1181
6909 1181
6910 1181
6911 1181
6912 1181
6913 1181
6914 1181
6915 1181
6916 1181
6917 1181
6918 1181
6919 1181
6920 1181
6921 1181
6922 1177
6923 1181
6924 1181
6925 1181
6926 1181
6927 1181
6928 1181
6929 1177
6930 1177
6931 1177
6932 1177
6933 1177
6934 1177
6935 1177
6936 1177
6937 1177
6938 1177
6939 1177
6940 1177
6941 1177
6942 1177
6943 1177
6944 1177
6945 1177
6946 1177
6947 1177
6948 1177
6949 1177
6950 1177
6951 1177
6952 1177
6953 1177
6954 1177
6955 1177
6956 1177
6957 1177
6958 1177
6959 1177
6960 1177
6961 1177
6962 1177
6963 1177
6964 1177
6965 1177
6966 1177
6967 1177
6968 1177
6969 1177
6970 1177
6971 1177
6972 1177
6973 1177
6974 1177
6975 1177
6976 1177
6977 1177
6978 1177
6979 1177
6980 1177
6981 1177
6982 1177
6983 1177
6984 1177
6985 1177
6986 1177
6987 1177
6988 1177
6989 1177
6990 1177
6991 1177
6992 1177
6993 1177
6994 1177
6995 1177
6996 1177
6997 1177
6998 1177
6999 1177
7000 1177
7001 1177
7002 1177
7003 1177
7004 1177
7005 1177
7006 1177
7007 1177
7008 1177
7009 1177
7010 1177
7011 1177
7012 1177
7013 1177
7014 1177
7015 1177
7016 1177
7017 1177
7018 1177
7019 1177
7020 1177
7021 1177
7022 1177
7023 1177
7024 1177
7025 1177
7026 1177
7027 1177
7028 1177
7029 1177
7030 1177
7031 1177
7032 1177
7033 1177
7034 1177
7035 1177
7036 1177
7037 1177
7038 1177
7039 1177
7040 1177
7041 1177
7042 1177
7043 1177
7044 1177
7045 1177
7046 1177
7047 1177
7048 1177
7049 1177
7050 1177
7051 1177
7052 1177
7053 1177
7054 1177
7055 1177
7056 1177
7057 1177
7058 1177
7059 1177
7060 1177
7061 1177
7062 1177
7063 1177
7064 1177
7065 1177
7066 1177
7067 1177
7068 1177
7069 1177
7070 1177
7071 1177
7072 1177
7073 1177
7074 1177
7075 1177
7076 1177
7077 1177
7078 1177
7079 1177
7080 1177
7081 1177
7082 1177
7083 1177
7084 1177
7085 1177
7086 1177
7087 1177
7088 1177
7089 1177
7090 1177
7091 1177
7092 1177
7093 1177
7094 1177
7095 1177
7096 1177
7097 1177
7098 1177
7099 1177
7100 1177
7101 1177
7102 1177
7103 1177
7104 1177
7105 1177
7106 1177
7107 1177
7108 1177
7109 1177
7110 1177
7111 1177
7112 1177
7113 1177
7114 1177
7115 1177
7116 1177
7117 1177
7118 1177
7119 1177
7120 1177
7121 1177
7122 1177
7123 1177
7124 1177
7125 1177
7126 1177
7127 1177
7128 1177
7129 1177
7130 1177
7131 1177
7132 1177
7133 1177
7134 1177
7135 1177
7136 1177
7137 1177
7138 1177
7139 1177
7140 1177
7141 1177
7142 1177
7143 1177
7144 1177
7145 1177
7146 1177
7147 1177
7148 1177
7149 1177
7150 1177
7151 1177
7152 1177
7153 1177
7154 1177
7155 1177
7156 1177
7157 1177
7158 1177
7159 1177
7160 1177
7161 1177
7162 1177
7163 1177
7164 1177
7165 1177
7166 1177
7167 1177
7168 1177
7169 1177
7170 1177
7171 1177
7172 1177
7173 1177
7174 1177
7175 1177
7176 1177
7177 1177
7178 1177
7179 1177
7180 1177
7181 1177
7182 1177
7183 1177
7184 1177
7185 1177
7186 1177
7187 1177
7188 1177
7189 1177
7190 1177
7191 1177
7192 1177
7193 1177
7194 1177
7195 1177
7196 1177
7197 1177
7198 1177
7199 1177
7200 1177
7201 1177
7202 1177
7203 1177
7204 1177
7205 1177
7206 1177
7207 1177
7208 1177
7209 1177
7210 1177
7211 1177
7212 1
7213 1
7214 1
7215 1
7216 1
7217 1
7218 1
7219 1
7220 1
7221 1
7222 1
7223 1
7224 1
7225 1
7226 1
7227 1
7228 1
7229 1
7230 1
7231 1
7232 1
7233 1
7234 1
7235 1
7236 1
7237 1
7238 1
7239 1
7240 1
7241 1
7242 1
7243 1
7244 1
7245 1
7246 1
7247 1
7248 1
7249 1
7250 1
7251 1
7252 1
7253 1
7254 1
7255 1
7256 1
7257 1
7258 1
7259 1
7260 1
7261 1
7262 1
7263 1
7264 1
7265 1
7266 1
7267 1
7268 1
7269 1
7270 1
7271 1
7272 1
7273 1
7274 1
7275 1
7276 1
7277 1
7278 1
7279 1
7280 1
7281 1
7282 1
7283 1
7284 1
7285 1
7286 1
7287 1
7288 1
7289 1
7290 1
7291 1
7292 1
7293 1
7294 1
7295 1
7296 1
7297 1
7298 1
7299 1
7300 1
7301 1
7302 1
7303 1
7304 1
7305 1
7306 1
7307 1
7308 1
7309 1
7310 1
7311 1
7312 1
7313 1
7314 1
7315 1
7316 1
7317 1
7318 1
7319 1
7320 1
7321 1
7322 1
7323 1
7324 1
7325 1
7326 1
7327 1
7328 1
7329 1
7330 1
7331 1
7332 1
7333 1
7334 1
7335 1
7336 1
7337 1
7338 1
7339 1
7340 1
7341 1
7342 1
7343 1
7344 1
7345 1
7346 1
7347 1
7348 1
7349 1
7350 1
7351 1
7352 1
7353 1
7354 1
7355 1
7356 1
7357 1
7358 1
7359 1
7360 1
7361 1
7362 1
7363 1
7364 1
7365 1
7366 1
7367 1
7368 1
7369 1
7370 1
7371 1
7372 1
7373 1
7374 1
7375 1
7376 1
7377 1
7378 1
7379 1
7380 1
7381 1
7382 1
7383 1
7384 1
7385 1
7386 1
7387 1
7388 1
7389 1
7390 1
7391 1
7392 1
7393 1
7394 1
7395 1
7396 1
7397 1
7398 1
7399 1
7400 1
7401 1
7402 1
7403 1
7404 1
7405 1
7406 1
7407 1
7408 1
7409 1
7410 1
7411 1
7412 1
7413 1
7414 1
7415 1
7416 1
7417 1
7418 1
7419 1
7420 1
7421 1
7422 1
7423 1
7424 1
7425 1
7426 1
7427 1
7428 1
7429 1
7430 1
7431 1
7432 1
7433 1
7434 1
7435 1
7436 1
7437 1
7438 1
7439 1
7440 1
7441 1
7442 1
7443 1
7444 1
7445 1
7446 1
7447 1
7448 1
7449 1
7450 1
7451 1
7452 1
7453 1
7454 1
7455 1
7456 1
7457 1
7458 1
7459 1
7460 1
7461 1
7462 1
7463 1
7464 1
7465 1
7466 1
7467 1
7468 1
7469 1181
7470 1181
7471 1181
7472 1181
7473 1181
7474 1181
7475 1181
7476 1181
7477 1181
7478 1181
7479 1181
7480 1181
7481 1181
7482 1181
7483 1181
7484 1181
7485 1181
7486 1181
7487 1181
7488 1181
7489 1181
7490 1181
7491 1181
7492 1181
7493 1181
7494 1181
7495 1181
7496 1181
7497 1181
7498 1181
7499 1181
7500 1181
7501 1181
7502 1181
7503 1181
7504 1181
7505 1181
7506 1181
7507 1181
7508 1181
7509 1181
7510 1181
7511 1181
7512 1181
7513 1181
7514 1181
7515 1181
7516 1181
7517 1181
7518 1181
7519 1181
7520 1181
7521 1181
7522 1181
7523 1181
7524 1181
7525 1181
7526 1181
7527 1181
7528 1181
7529 1181
7530 1181
7531 1181
7532 1181
7533 1181
7534 1181
7535 1181
7536 1181
7537 1181
7538 1181
7539 1181
7540 1181
7541 1181
7542 1181
7543 1181
7544 1181
7545 1181
7546 1181
7547 1181
7548 1181
7549 1181
7550 1181
7551 1181
7552 1181
7553 1181
7554 1181
7555 1181
7556 1181
7557 1181
7558 1181
7559 1181
7560 1181
7561 1181
7562 1181
7563 1181
7564 1181
7565 1181
7566 1181
7567 1181
7568 1181
7569 1181
7570 1181
7571 1181
7572 1181
7573 1181
7574 1181
7575 1181
7576 1181
7577 1181
7578 1181
7579 1181
7580 1181
7581 1181
7582 1181
7583 1181
7584 1181
7585 1181
7586 1181
7587 1181
7588 1181
7589 1181
7590 1181
7591 1181
7592 1181
7593 1181
7594 1181
7595 1181
7596 1181
7597 1181
7598 1181
7599 1181
7600 1181
7601 1181
7602 1181
7603 1181
7604 1181
7605 1181
7606 1181
7607 1181
7608 1181
7609 1181
7610 1181
7611 1181
7612 1181
7613 1181
7614 1181
7615 1181
7616 1181
7617 1181
7618 1181
7619 1181
7620 1181
7621 1181
7622 1181
7623 1181
7624 1181
7625 1181
7626 1181
7627 1181
7628 1181
7629 1181
7630 1181
7631 1181
7632 1181
7633 1181
7634 1181
7635 1181
7636 1181
7637 1181
7638 1181
7639 1181
7640 1181
7641 1181
7642 1181
7643 1181
7644 1181
7645 1181
7646 1181
7647 1181
7648 1181
7649 1181
7650 1181
7651 1181
7652 1181
7653 1181
7654 1181
7655 1181
7656 1181
7657 1181
7658 1181
7659 1181
7660 1181
7661 1181
7662 1181
7663 1181
7664 1181
7665 1181
7666 1181
7667 1181
7668 1181
7669 1181
7670 1181
7671 1181
7672 1181
7673 1181
7674 1181
7675 1181
7676 1181
7677 1181
7678 1181
7679 1181
7680 1181
7681 1181
7682 1181
7683 1181
7684 1181
7685 1181
7686 1181
7687 1181
7688 1181
7689 1181
7690 1181
7691 1181
7692 1181
7693 1181
7694 1181
7695 1181
7696 1181
7697 1181
7698 1181
7699 1181
7700 1181
7701 1181
7702 1181
7703 1181
7704 1181
7705 1181
7706 1181
7707 1181
7708 1181
7709 1181
7710 1181
7711 1181
7712 1181
7713 1181
7714 1181
7715 1181
7716 1181
7717 1181
7718 1181
7719 1181
7720 1181
7721 1181
7722 1181
7723 1181
7724 1181
7725 1181
7726 1181
7727 1181
7728 1181
7729 1181
7730 1181
7731 1181
7732 1181
7733 1181
7734 1181
7735 1181
7736 1181
7737 1181
7738 1181
7739 1181
7740 1181
7741 1181
7742 1181
7743 1181
7744 1181
7745 1181
7746 1181
7747 1181
7748 1181
7749 1181
7750 1181
7751 1181
7752 1181
7753 1181
7754 1181
7755 1181
7756 1181
7757 1181
7758 1181
7759 1181
7760 1181
7761 1181
7762 1181
7763 1181
7764 1181
7765 1181
7766 1181
7767 1181
7768 1181
7769 1181
7770 1181
7771 1181
7772 1181
7773 1181
7774 1181
7775 1181
7776 1181
7777 1181
7778 1181
7779 1181
7780 1181
7781 1181
7782 1181
7783 1181
7784 1181
7785 1181
7786 1181
7787 1181
7788 1181
7789 1181
7790 1177
7791 1177
7792 1177
7793 1181
7794 1177
7795 1177
7796 1177
7797 1181
7798 1177
7799 1177
7800 1181
7801 1181
7802 1181
7803 1181
7804 1181
7805 1181
7806 1181
7807 1177
7808 1177
7809 1181
7810 1181
7811 1177
7812 1177
7813 1181
7814 1181
7815 1181
7816 1181
7817 1181
7818 1177
7819 1177
7820 1177
7821 1181
7822 1181
7823 1181
7824 1177
7825 1181
7826 1177
7827 1177
7828 1177
7829 1177
7830 1177
7831 1177
7832 1177
7833 1177
7834 1177
7835 1177
7836 1177
7837 1177
7838 1177
7839 1177
7840 1177
7841 1177
7842 1177
7843 1177
7844 1177
7845 1177
7846 1177
7847 1177
7848 1177
7849 1177
7850 1177
7851 1177
7852 1177
7853 1177
7854 1177
7855 1177
7856 1177
7857 1177
7858 1177
7859 1177
7860 1177
7861 1177
7862 1177
7863 1177
7864 1177
7865 1177
7866 1177
7867 1177
7868 1177
7869 1177
7870 1181
7871 1181
7872 1181
7873 1181
7874 1181
7875 1181
7876 1181
7877 1181
7878 1181
7879 1181
7880 1181
7881 1181
7882 1181
7883 1181
7884 1181
7885 1181
7886 1181
7887 1181
7888 1181
7889 1181
7890 1181
7891 1181
7892 1181
7893 1181
7894 1181
7895 1181
7896 1181
7897 1181
7898 1181
7899 1181
7900 1181
7901 1181
7902 1181
7903 1181
7904 1181
7905 1181
7906 1181
7907 1181
7908 1181
7909 1181
7910 1181
7911 1181
7912 1177
7913 1177
7914 1177
7915 1177
7916 1177
7917 1177
7918 1177
7919 1177
7920 1177
7921 1177
7922 1177
7923 1177
7924 1181
7925 1177
7926 1177
7927 1177
7928 1177
7929 1177
7930 1177
7931 1177
7932 1177
7933 1177
7934 1177
7935 1177
7936 1177
7937 1177
7938 1177
7939 1181
7940 1177
7941 1177
7942 1177
7943 1177
7944 1177
7945 1177
7946 1177
7947 1177
7948 1177
7949 1177
7950 1177
7951 1177
7952 1177
7953 1177
7954 1177
7955 1177
7956 1177
7957 1177
7958 1177
7959 1177
7960 1177
7961 1177
7962 1177
7963 1177
7964 1177
7965 1177
7966 1177
7967 1177
7968 1177
7969 1177
7970 1177
7971 1177
7972 1177
7973 1177
7974 1177
7975 1177
7976 1177
7977 1177
7978 1177
7979 1177
7980 1177
7981 1177
7982 1177
7983 1177
7984 1177
7985 1177
7986 1177
7987 1177
7988 1177
7989 1177
7990 1177
7991 1177
7992 1177
7993 1177
7994 1177
7995 1181
7996 1181
7997 1181
7998 1181
7999 1181
8000 1181
8001 1181
8002 1181
8003 1181
8004 1181
8005 1181
8006 1181
8007 1181
8008 1181
8009 1181
8010 1181
8011 1181
8012 1181
8013 1181
8014 1181
8015 1181
8016 1181
8017 1181
8018 1181
8019 1181
8020 1181
8021 1181
8022 1181
8023 1181
8024 1181
8025 1181
8026 1181
8027 1181
8028 1181
8029 1181
8030 1181
8031 1181
8032 1181
8033 1181
8034 1181
8035 1181
8036 1181
8037 1181
8038 1181
8039 1181
8040 1181
8041 1181
8042 1181
8043 1181
8044 1181
8045 1181
8046 1181
8047 1181
8048 1181
8049 1181
8050 1181
8051 1181
8052 1181
8053 1181
8054 1181
8055 1181
8056 1181
8057 1181
8058 1181
8059 1181
8060 1181
8061 1181
8062 1181
8063 1181
8064 1181
8065 1181
8066 1181
8067 1181
8068 1181
8069 1181
8070 1181
8071 1181
8072 1181
8073 1181
8074 1181
8075 1181
8076 1181
8077 1181
8078 1181
8079 1181
8080 1181
8081 1181
8082 1181
8083 1181
8084 1181
8085 1181
8086 1181
8087 1181
8088 1181
8089 1181
8090 1181
8091 1181
8092 1181
8093 1181
8094 1181
8095 1181
8096 1181
8097 1181
8098 1181
8099 1181
8100 1181
8101 1181
8102 1181
8103 1181
8104 1181
8105 1181
8106 1181
8107 1181
8108 1181
8109 1181
8110 1181
8111 1181
8112 1181
8113 1181
8114 1181
8115 1181
8116 1181
8117 1181
8118 1181
8119 1181
8120 1181
8121 1181
8122 1181
8123 1181
8124 1181
8125 1181
8126 1181
8127 1181
8128 1181
8129 1181
8130 1181
8131 1181
8132 1181
8133 1181
8134 1181
8135 1181
8136 1181
8137 1181
8138 1181
8139 1181
8140 1181
8141 1181
8142 1181
8143 1181
8144 1181
8145 1177
8146 1177
8147 1
8148 1177
8149 1177
8150 1177
8151 1177
8152 1
8153 1177
8154 1
8155 1177
8156 1
8157 1177
8158 1177
8159 1177
8160 1177
8161 1
8162 1
8163 1
8164 1
8165 1
8166 1
8167 1
8168 1
8169 1
8170 1
8171 1
8172 1
8173 1
8174 1
8175 1
8176 1
8177 1
8178 1177
8179 1177
8180 1177
8181 1177
8182 1177
8183 1177
8184 1177
8185 1177
8186 1177
8187 1177
8188 1177
8189 1177
8190 1177
8191 1177
8192 1177
8193 1177
8194 1177
8195 1177
8196 1177
8197 1177
8198 1177
8199 1177
8200 1177
8201 1177
8202 1177
8203 1177
8204 1177
8205 1177
8206 1177
8207 1177
8208 1177
8209 1177
8210 1177
8211 1177
8212 1177
8213 1177
8214 1177
8215 1177
8216 1177
8217 1177
8218 1177
8219 3977
8220 1177
8221 1177
8222 1177
8223 1177
8224 1177
8225 1
8226 1
8227 1177
8228 1177
8229 1177
8230 1177
8231 1177
8232 1177
8233 1177
8234 1177
8235 1177
8236 1177
8237 1177
8238 1177
8239 1177
8240 1177
8241 1177
8242 1177
8243 1177
8244 1177
8245 1177
8246 1177
8247 1
8248 1177
8249 1177
8250 1177
8251 1177
8252 1177
8253 1177
8254 1177
8255 1177
8256 1177
8257 1177
8258 1177
8259 1177
8260 1177
8261 1177
8262 1177
8263 1177
8264 1177
8265 1181
8266 1181
8267 1
8268 1181
8269 1181
8270 1181
8271 1181
8272 1181
8273 1181
8274 1
8275 1181
8276 1181
8277 1181
8278 1181
8279 1181
8280 1181
8281 1181
8282 1181
8283 1181
8284 1181
8285 1177
8286 1177
8287 1177
8288 1181
8289 1181
8290 1177
8291 1181
8292 1181
8293 1181
8294 1177
8295 1177
8296 1181
8297 1181
8298 1181
8299 1177
8300 1181
8301 1177
8302 1181
8303 1181
8304 1181
8305 1177
8306 1177
8307 1181
8308 1181
8309 1181
8310 1181
8311 1181
8312 1181
8313 1181
8314 1181
8315 1181
8316 1181
8317 1181
8318 1181
8319 1181
8320 1181
8321 1181
8322 1181
8323 1181
8324 1181
8325 1181
8326 1181
8327 1181
8328 1181
8329 1181
8330 1181
8331 1181
8332 1181
8333 1181
8334 1181
8335 1181
8336 1181
8337 1181
8338 1181
8339 1181
8340 1181
8341 1181
8342 1181
8343 1181
8344 1181
8345 1181
8346 1181
8347 1181
8348 1181
8349 1181
8350 1177
8351 1177
8352 1177
8353 1177
8354 1177
8355 1177
8356 1177
8357 1
8358 1
8359 1177
8360 1181
8361 1181
8362 1177
8363 1181
8364 1177
8365 1177
8366 1177
8367 1177
8368 1177
8369 1177
8370 1177
8371 1
8372 1177
8373 1181
8374 1181
8375 1181
8376 1181
8377 1181
8378 1181
8379 1181
8380 1181
8381 1181
8382 1181
8383 1181
8384 1181
8385 1181
8386 1181
8387 1181
8388 1181
8389 1181
8390 1181
8391 1181
8392 1181
8393 1181
8394 1181
8395 1181
8396 1177
8397 1181
8398 1181
8399 1181
8400 1181
8401 1181
8402 1181
8403 1181
8404 1181
8405 1181
8406 1181
8407 1181
8408 1181
8409 1181
8410 1181
8411 1181
8412 1181
8413 1181
8414 1181
8415 1181
8416 1181
8417 1181
8418 1181
8419 1181
8420 1181
8421 1181
8422 1181
8423 1181
8424 1181
8425 1181
8426 1181
8427 1181
8428 1181
8429 1181
8430 1181
8431 1181
8432 1181
8433 1181
8434 1181
8435 1181
8436 1181
8437 1181
8438 1181
8439 1181
8440 1181
8441 1181
8442 1181
8443 1181
8444 1181
8445 1181
8446 1181
8447 1181
8448 1181
8449 1181
8450 1181
8451 1181
8452 1181
8453 1181
8454 1181
8455 1181
8456 1181
8457 1181
8458 1181
8459 1181
8460 1181
8461 1181
8462 1181
8463 1181
8464 1181
8465 1181
8466 1181
8467 1181
8468 1181
8469 1181
8470 1181
8471 1181
8472 1181
8473 1181
8474 1181
8475 1181
8476 1181
8477 1181
8478 1181
8479 1181
8480 1181
8481 1181
8482 1181
8483 1181
8484 1181
8485 1181
8486 1181
8487 1181
8488 1181
8489 1181
8490 1181
8491 1181
8492 1181
8493 1181
8494 1181
8495 1181
8496 1181
8497 1181
8498 1181
8499 1181
8500 1181
8501 1181
8502 1181
8503 1181
8504 1181
8505 1181
8506 1181
8507 1181
8508 1181
8509 1181
8510 1181
8511 1181
8512 1181
8513 1181
8514 1181
8515 1181
8516 1181
8517 1181
8518 1181
8519 1181
8520 1181
8521 1181
8522 1181
8523 1181
8524 1181
8525 1181
8526 1181
8527 1181
8528 1181
8529 1181
8530 1181
8531 1181
8532 1181
8533 1181
8534 1181
8535 1181
8536 1181
8537 1181
8538 1181
8539 1181
8540 1181
8541 1181
8542 1181
8543 1181
8544 1181
8545 1181
8546 1181
8547 1181
8548 1181
8549 1181
8550 1181
8551 1181
8552 1181
8553 1181
8554 1181
8555 1181
8556 1181
8557 1181
8558 1181
8559 1181
8560 1181
8561 1181
8562 1181
8563 1181
8564 1181
8565 1181
8566 1181
8567 1181
8568 1181
8569 1181
8570 1181
8571 1181
8572 1181
8573 1181
8574 1181
8575 1181
8576 1181
8577 1181
8578 1181
8579 1181
8580 1181
8581 1181
8582 1181
8583 1181
8584 1181
8585 1181
8586 1181
8587 1181
8588 1181
8589 1181
8590 1181
8591 1181
8592 1181
8593 1181
8594 1181
8595 1181
8596 1181
8597 1181
8598 1181
8599 1181
8600 1181
8601 1181
8602 1181
8603 1181
8604 1181
8605 1181
8606 1181
8607 1181
8608 1181
8609 1181
8610 1181
8611 1181
8612 1181
8613 1181
8614 1181
8615 1181
8616 1181
8617 1181
8618 1181
8619 1181
8620 1181
8621 1181
8622 1181
8623 1181
8624 1181
8625 1181
8626 1181
8627 1181
8628 1181
8629 1181
8630 1181
8631 1181
8632 1181
8633 1181
8634 1181
8635 1181
8636 1181
8637 1181
8638 1181
8639 1181
8640 1181
8641 1181
8642 1181
8643 1181
8644 1181
8645 1181
8646 1181
8647 1181
8648 1181
8649 1181
8650 1181
8651 1181
8652 1181
8653 1181
8654 1181
8655 1181
8656 1181
8657 1181
8658 1181
8659 1181
8660 1181
8661 1181
8662 1181
8663 1181
8664 1181
8665 1181
8666 1181
8667 1181
8668 1181
8669 1181
8670 1181
8671 1181
8672 1181
8673 1181
8674 1181
8675 1181
8676 1181
8677 1181
8678 1181
8679 1181
8680 1181
8681 1181
8682 1181
8683 1181
8684 1181
8685 1181
8686 1181
8687 1181
8688 1181
8689 1181
8690 1181
8691 1181
8692 1181
8693 1181
8694 1181
8695 1181
8696 1181
8697 1181
8698 1181
8699 1181
8700 1181
8701 1181
8702 1181
8703 1181
8704 1181
8705 1181
8706 1181
8707 1181
8708 1181
8709 1181
8710 1181
8711 1181
8712 1181
8713 1181
8714 1181
8715 1181
8716 1181
8717 1181
8718 1181
8719 1181
8720 1181
8721 1181
8722 1181
8723 1181
8724 1181
8725 1181
8726 1181
8727 1181
8728 1181
8729 1181
8730 1181
8731 1181
8732 1181
8733 1181
8734 1181
8735 1181
8736 1181
8737 1181
8738 1181
8739 1181
8740 1181
8741 1181
8742 1181
8743 1181
8744 1181
8745 1181
8746 1181
8747 1181
8748 1181
8749 1181
8750 1181
8751 1181
8752 1181
8753 1181
8754 1181
8755 1181
8756 1181
8757 1181
8758 1181
8759 1181
8760 1181
8761 1181
8762 1181
8763 1181
8764 1181
8765 1181
8766 1181
8767 1181
8768 1181
8769 1181
8770 1181
8771 1181
8772 1181
8773 1181
8774 1181
8775 1181
8776 1181
8777 1181
8778 1181
8779 1181
8780 1181
8781 1181
8782 1181
8783 1181
8784 1181
8785 1181
8786 1181
8787 1181
8788 1181
8789 1181
8790 1181
8791 1181
8792 1181
8793 1181
8794 1181
8795 1181
8796 1181
8797 1181
8798 1181
8799 1181
8800 1181
8801 1181
8802 1181
8803 1181
8804 1181
8805 1181
8806 1181
8807 1181
8808 1181
8809 1181
8810 1181
8811 1181
8812 1181
8813 1181
8814 1181
8815 1181
8816 1181
8817 1181
8818 1181
8819 1181
8820 1181
8821 1181
8822 1181
8823 1181
8824 1181
8825 1181
8826 1181
8827 1181
8828 1181
8829 1181
8830 1181
8831 1181
8832 1181
8833 1181
8834 1181
8835 1181
8836 1181
8837 1181
8838 1181
8839 1181
8840 1181
8841 1181
8842 1181
8843 1181
8844 1181
8845 1181
8846 1181
8847 1181
8848 1181
8849 1181
8850 1181
8851 1181
8852 1181
8853 1181
8854 1181
8855 1181
8856 1181
8857 1181
8858 1181
8859 1181
8860 1181
8861 1181
8862 1181
8863 1181
8864 1181
8865 1181
8866 1181
8867 1181
8868 1181
8869 1181
8870 1181
8871 1181
8872 1181
8873 1181
8874 1181
8875 1181
8876 1181
8877 1181
8878 1181
8879 1181
8880 1181
8881 1181
8882 1181
8883 1181
8884 1181
8885 1181
8886 1181
8887 1181
8888 1181
8889 1181
8890 1181
8891 1181
8892 1181
8893 1181
8894 1181
8895 1181
8896 1181
8897 1181
8898 1181
8899 1181
8900 1181
8901 1181
8902 1181
8903 1181
8904 1181
8905 1181
8906 1181
8907 1181
8908 1181
8909 1181
8910 1181
8911 1181
8912 1181
8913 1181
8914 1181
8915 1181
8916 1181
8917 1181
8918 1181
8919 1181
8920 1181
8921 1181
8922 1181
8923 1181
8924 1181
8925 1181
8926 1181
8927 1181
8928 1181
8929 1181
8930 1181
8931 1181
8932 1181
8933 1181
8934 1181
8935 1181
8936 1181
8937 1181
8938 1181
8939 1181
8940 1181
8941 1181
8942 1181
8943 1181
8944 1181
8945 1181
8946 1181
8947 1181
8948 1181
8949 1181
8950 1181
8951 1181
8952 1181
8953 1181
8954 1181
8955 1181
8956 1181
8957 1181
8958 1181
8959 1181
8960 1181
8961 1181
8962 1181
8963 1181
8964 1181
8965 1181
8966 1181
8967 1181
8968 1181
8969 1181
8970 1181
8971 1181
8972 1181
8973 1181
8974 1181
8975 1181
8976 1181
8977 1181
8978 1181
8979 1181
8980 1181
8981 1181
8982 1181
8983 1181
8984 1181
8985 1181
8986 1181
8987 1181
8988 1181
8989 1181
8990 1181
8991 1181
8992 1181
8993 1181
8994 1181
8995 1181
8996 1181
8997 1181
8998 1181
8999 1181
9000 1181
9001 1181
9002 1181
9003 1181
9004 1181
9005 1181
9006 1181
9007 1181
9008 1181
9009 1181
9010 1181
9011 1181
9012 1181
9013 1181
9014 1181
9015 1181
9016 1181
9017 1181
9018 1181
9019 1181
9020 1181
9021 1181
9022 1181
9023 1181
9024 1181
9025 1181
9026 1181
9027 1181
9028 1181
9029 1181
9030 1181
9031 1181
9032 1181
9033 1181
9034 1181
9035 1181
9036 1181
9037 1181
9038 1181
9039 1181
9040 1181
9041 1181
9042 1181
9043 1181
9044 1181
9045 1181
9046 1181
9047 1181
9048 1181
9049 1181
9050 1181
9051 1181
9052 1181
9053 1181
9054 1181
9055 1181
9056 1181
9057 1181
9058 1181
9059 1181
9060 1181
9061 1181
9062 1181
9063 1181
9064 1181
9065 1181
9066 1181
9067 1181
9068 1181
9069 1181
9070 1181
9071 1181
9072 1181
9073 1181
9074 1181
9075 1181
9076 1181
9077 1181
9078 1181
9079 1181
9080 1181
9081 1181
9082 1181
9083 1181
9084 1181
9085 1181
9086 1181
9087 1181
9088 1181
9089 1181
9090 1181
9091 1181
9092 1181
9093 1181
9094 1181
9095 1181
9096 1181
9097 1181
9098 1181
9099 1181
9100 1181
9101 1181
9102 1181
9103 1181
9104 1181
9105 1181
9106 1181
9107 1181
9108 1181
9109 1181
9110 1181
9111 1181
9112 1181
9113 1181
9114 1181
9115 1181
9116 1181
9117 1181
9118 1181
9119 1181
9120 1181
9121 1181
9122 1181
9123 1181
9124 1181
9125 1181
9126 1181
9127 1181
9128 1181
9129 1181
9130 1181
9131 1181
9132 1181
9133 1181
9134 1181
9135 1181
9136 1181
9137 1181
9138 1181
9139 1181
9140 1181
9141 1181
9142 1181
9143 1181
9144 1181
9145 1181
9146 1181
9147 1181
9148 1181
9149 1181
9150 1181
9151 1181
9152 1181
9153 1181
9154 1181
9155 1177
9156 1177
9157 1177
9158 1177
9159 1177
9160 1177
9161 1181
9162 1177
9163 1181
9164 1177
9165 1177
9166 1177
9167 1177
9168 1177
9169 1177
9170 1177
9171 1177
9172 1177
9173 1177
9174 1177
9175 1181
9176 1177
9177 1177
9178 1177
9179 1177
9180 1177
9181 1177
9182 1181
9183 1181
9184 1181
9185 1181
9186 1181
9187 1181
9188 1181
9189 1181
9190 1181
9191 1181
9192 1181
9193 1181
9194 1181
9195 1181
9196 1177
9197 1177
9198 1177
9199 1177
9200 1177
9201 1177
9202 1177
9203 1177
9204 1177
9205 1177
9206 1177
9207 1177
9208 1177
9209 1177
9210 1177
9211 1177
9212 1177
9213 1181
9214 1177
9215 1177
9216 1177
9217 1177
9218 1181
9219 1177
9220 1177
9221 1177
9222 1177
9223 1177
9224 1177
9225 1177
9226 1177
9227 1177
9228 1177
9229 1181
9230 1181
9231 1177
9232 1177
9233 1177
9234 1177
9235 1177
9236 1177
9237 1177
9238 1181
9239 1177
9240 1181
9241 1177
9242 1181
9243 1181
9244 1181
9245 1181
9246 1181
9247 1181
9248 1181
9249 1181
9250 1181
9251 1181
9252 1181
9253 1181
9254 1181
9255 1181
9256 1181
9257 1181
9258 1181
9259 1181
9260 1181
9261 1181
9262 1181
9263 1181
9264 1181
9265 1181
9266 1181
9267 1181
9268 1181
9269 1181
9270 1181
9271 1181
9272 1181
9273 1177
9274 1177
9275 1177
9276 1177
9277 1177
9278 1177
9279 1177
9280 1177
9281 1177
9282 1177
9283 1177
9284 1177
9285 1177
9286 1177
9287 1177
9288 1177
9289 1177
9290 1177
9291 1177
9292 1177
9293 1177
9294 1177
9295 1177
9296 1177
9297 1177
9298 1177
9299 1177
9300 1177
9301 1177
9302 1177
9303 1177
9304 1177
9305 1177
9306 1177
9307 1177
9308 1177
9309 1177
9310 1177
9311 1177
9312 1177
9313 1177
9314 1177
9315 1177
9316 1177
9317 1177
9318 1177
9319 1177
9320 1177
9321 1177
9322 1177
9323 1177
9324 1177
9325 1177
9326 1177
9327 1177
9328 1177
9329 1177
9330 1177
9331 1181
9332 1181
9333 1177
9334 1181
9335 1181
9336 1177
9337 1181
9338 1181
9339 1181
9340 1181
9341 1181
9342 1177
9343 1181
9344 1177
9345 1181
9346 1181
9347 1181
9348 1181
9349 1177
9350 1181
9351 1181
9352 1177
9353 1177
9354 1177
9355 1177
9356 1177
9357 1177
9358 1177
9359 1177
9360 1177
9361 1177
9362 1177
9363 1177
9364 1177
9365 1181
9366 1181
9367 1181
9368 1181
9369 1181
9370 1181
9371 1177
9372 1181
9373 1181
9374 1181
9375 1181
9376 1181
9377 1181
9378 1181
9379 1181
9380 1181
9381 1181
9382 1181
9383 1181
9384 1181
9385 1181
9386 1181
9387 1177
9388 1177
9389 1177
9390 1177
9391 1177
9392 1177
9393 1177
9394 1177
9395 1177
9396 1177
9397 1177
9398 1177
9399 1177
9400 1177
9401 1177
9402 1177
9403 1177
9404 1177
9405 1177
9406 1177
9407 1177
9408 1177
9409 1177
9410 1177
9411 1177
9412 1177
9413 1177
9414 1177
9415 1177
9416 1177
9417 1177
9418 1177
9419 1177
9420 1177
9421 1177
9422 1177
9423 1177
9424 1177
9425 1177
9426 1177
9427 1181
9428 1181
9429 1181
9430 1181
9431 1181
9432 1181
9433 1181
9434 1181
9435 1181
9436 1181
9437 1181
9438 1181
9439 1181
9440 1181
9441 1181
9442 1181
9443 1181
9444 1181
9445 1181
9446 1181
9447 1181
9448 1181
9449 1181
9450 1181
9451 1181
9452 1181
9453 1181
9454 1181
9455 1181
9456 1181
9457 1181
9458 1181
9459 1181
9460 1181
9461 1181
9462 1181
9463 1181
9464 1181
9465 1181
9466 1181
9467 1181
9468 1181
9469 1181
9470 1177
9471 1177
9472 1177
9473 1177
9474 1177
9475 1177
9476 1177
9477 1177
9478 1177
9479 1177
9480 1177
9481 1177
9482 1177
9483 1177
9484 1177
9485 1177
9486 1177
9487 1177
9488 1177
9489 1177
9490 1181
9491 1181
9492 1181
9493 1181
9494 1181
9495 1181
9496 1181
9497 1181
9498 1181
9499 1181
9500 1181
9501 1181
9502 1181
9503 1181
9504 1181
9505 1181
9506 1181
9507 1181
9508 1181
9509 1181
9510 1181
9511 1181
9512 1181
9513 1181
9514 1181
9515 1181
9516 1181
9517 1181
9518 1181
9519 1181
9520 1181
9521 1181
9522 1181
9523 1181
9524 1181
9525 1181
9526 1181
9527 1181
9528 1181
9529 1181
9530 1181
9531 1181
9532 1181
9533 1181
9534 1181
9535 1181
9536 1181
9537 1181
9538 1181
9539 1181
9540 1181
9541 1181
9542 1181
9543 1181
9544 1181
9545 1181
9546 1181
9547 1181
9548 1181
9549 1181
9550 1181
9551 1181
9552 1181
9553 1181
9554 1181
9555 1181
9556 1181
9557 1181
9558 1181
9559 1181
9560 1181
9561 1181
9562 1181
9563 1181
9564 1181
9565 1181
9566 1181
9567 1181
9568 1181
9569 1181
9570 1181
9571 1181
9572 1181
9573 1181
9574 1181
9575 1181
9576 1181
9577 1181
9578 1181
9579 1181
9580 1181
9581 1181
9582 1181
9583 1181
9584 1181
9585 1181
9586 1181
9587 1181
9588 1181
9589 1181
9590 1181
9591 1181
9592 1181
9593 1181
9594 1181
9595 1181
9596 1181
9597 1181
9598 1181
9599 1181
9600 1181
9601 1181
9602 1181
9603 1181
9604 1181
9605 1181
9606 1181
9607 1181
9608 1181
9609 1181
9610 1181
9611 1181
9612 1181
9613 1181
9614 1181
9615 1181
9616 1181
9617 1181
9618 1181
9619 1181
9620 1181
9621 1181
9622 1181
9623 1181
9624 1181
9625 1181
9626 1181
9627 1181
9628 1181
9629 1181
9630 1181
9631 1181
9632 1181
9633 1181
9634 1181
9635 1181
9636 1181
9637 1181
9638 1181
9639 1181
9640 1181
9641 1177
9642 1177
9643 1177
9644 1177
9645 1177
9646 1177
9647 1177
9648 1177
9649 1177
9650 1177
9651 1177
9652 1177
9653 1177
9654 1177
9655 1181
9656 1181
9657 1177
9658 1177
9659 1181
9660 1177
9661 1181
9662 1177
9663 1177
9664 1181
9665 1181
9666 1177
9667 1177
9668 1177
9669 1181
9670 1181
9671 1181
9672 1181
9673 1181
9674 1181
9675 1177
9676 1177
9677 1177
9678 1181
9679 1177
9680 1181
9681 1181
9682 1181
9683 1181
9684 1181
9685 1181
9686 1181
9687 1181
9688 1181
9689 1181
9690 1181
9691 1181
9692 1181
9693 1181
9694 1181
9695 1181
9696 1181
9697 1181
9698 1181
9699 1181
9700 1181
9701 1181
9702 1181
9703 1181
9704 1181
9705 1181
9706 1181
9707 1181
9708 1181
9709 1181
9710 1177
9711 1177
9712 1177
9713 1177
9714 1177
9715 1177
9716 1177
9717 1177
9718 1177
9719 1177
9720 1177
9721 1177
9722 1177
9723 1177
9724 1177
9725 1177
9726 1177
9727 1177
9728 1177
9729 1177
9730 1177
9731 1177
9732 1177
9733 1177
9734 1177
9735 1177
9736 1177
9737 1177
9738 1177
9739 1177
9740 1177
9741 1177
9742 1177
9743 1177
9744 1177
9745 1177
9746 1177
9747 1177
9748 1177
9749 1177
9750 1177
9751 1177
9752 1177
9753 1177
9754 1177
9755 1177
9756 1177
9757 1177
9758 1177
9759 1177
9760 1177
9761 1177
9762 1177
9763 1177
9764 1177
9765 1177
9766 1177
9767 1177
9768 1177
9769 1177
9770 1177
9771 1177
9772 1177
9773 1177
9774 1177
9775 1177
9776 1177
9777 1177
9778 1177
9779 1177
9780 1177
9781 1177
9782 1177
9783 1177
9784 1177
9785 1177
9786 1181
9787 1181
9788 1181
9789 1181
9790 1181
9791 1181
9792 1181
9793 1181
9794 1181
9795 1181
9796 1181
9797 1181
9798 1181
9799 1181
9800 1181
9801 1181
9802 1181
9803 1181
9804 1181
9805 1181
9806 1181
9807 1181
9808 1181
9809 1181
9810 1181
9811 1181
9812 1181
9813 1181
9814 1181
9815 1181
9816 1181
9817 1181
9818 1181
9819 1181
9820 1181
9821 1181
9822 1181
9823 1181
9824 1181
9825 1181
9826 1181
9827 1181
9828 1181
9829 1181
9830 1181
9831 1181
9832 1181
9833 1181
9834 1181
9835 1181
9836 1181
9837 1181
9838 1181
9839 1181
9840 1181
9841 1181
9842 1181
9843 1181
9844 1181
9845 1181
9846 1181
9847 1181
9848 1181
9849 1181
9850 1181
9851 1181
9852 1181
9853 1181
9854 1181
9855 1181
9856 1181
9857 1181
9858 1181
9859 1181
9860 1181
9861 1181
9862 1181
9863 1181
9864 1181
9865 1181
9866 1181
9867 1181
9868 1181
9869 1181
9870 1181
9871 1181
9872 1181
9873 1181
9874 1181
9875 1181
9876 1181
9877 1181
9878 1181
9879 1181
9880 1181
9881 1181
9882 1181
9883 1181
9884 1181
9885 1181
9886 1181
9887 1181
9888 1181
9889 1181
9890 1181
9891 1181
9892 1181
9893 1181
9894 1181
9895 1181
9896 1181
9897 1181
9898 1181
9899 1181
9900 1181
9901 1181
9902 1181
9903 1181
9904 1181
9905 1181
9906 1181
9907 1181
9908 1181
9909 1181
9910 1181
9911 1181
9912 1181
9913 1181
9914 1181
9915 1181
9916 1181
9917 1181
9918 1181
9919 1181
9920 1181
9921 1181
9922 1181
9923 1181
9924 1181
9925 1181
9926 1181
9927 1181
9928 1181
9929 1181
9930 1181
9931 1181
9932 1181
9933 1181
9934 1181
9935 1181
9936 1181
9937 1181
9938 1181
9939 1181
9940 1181
9941 1181
9942 1181
9943 1181
9944 1181
9945 1181
9946 1181
9947 1181
9948 1181
9949 1181
9950 1181
9951 1181
9952 1181
9953 1181
9954 1181
9955 1181
9956 1181
9957 1181
9958 1181
9959 1181
9960 1181
9961 1181
9962 1181
9963 1181
9964 1181
9965 1181
9966 1181
9967 1181
9968 1181
9969 1181
9970 1181
9971 1181
9972 1181
9973 1181
9974 1181
9975 1181
9976 1181
9977 1181
9978 1181
9979 1181
9980 1181
9981 1181
9982 1181
9983 1181
9984 1181
9985 1181
9986 1181
9987 1181
9988 1181
9989 1181
9990 1181
9991 1181
9992 1181
9993 1181
9994 1181
9995 1181
9996 1181
9997 1181
9998 1181
9999 1181
10000 1181
10001 1181
10002 1181
10003 1181
10004 1181
10005 1181
10006 1181
10007 1181
10008 1181
10009 1181
10010 1181
10011 1181
10012 1181
10013 1181
10014 1181
10015 1181
10016 1181
10017 1181
10018 1181
10019 1181
10020 1181
10021 1181
10022 1181
10023 1181
10024 1181
10025 1181
10026 1181
