1 1
2 2
3 2
4 2
5 2
6 2
7 2
8 2
9 2
10 2
11 2
12 2
13 2
14 2
15 2
16 2
17 2
18 2
19 2
20 2
21 2
22 2
23 2
24 2
25 2
26 2
27 2
28 1
29 2
30 2
31 2
32 2
33 2
34 2
35 2
36 2
37 2
38 2
39 2
40 1
41 2
42 2
43 2
44 2
45 2
46 2
47 2
48 2
49 2
50 2
51 2
52 2
53 2
54 2
55 2
56 2
57 2
58 2
59 2
60 2
61 2
62 2
63 2
64 2
65 2
66 2
67 2
68 2
69 2
70 2
71 2
72 2
73 2
74 2
75 2
76 2
77 2
78 2
79 2
80 2
81 2
82 2
83 2
84 2
85 2
86 2
87 2
88 2
89 2
90 2
91 2
92 2
93 2
94 2
95 2
96 2
97 2
98 2
99 2
100 2
101 2
102 2
103 2
104 2
105 2
106 2
107 2
108 2
109 2
110 2
111 2
112 1
113 1
114 1
115 1
116 1
117 1
118 1
119 1
120 1
121 1
122 1
123 1
124 1
125 1
126 1
127 1
128 1
129 1
130 1
131 1
132 1
133 1
134 1
135 1
136 1
137 1
138 1
139 1
140 1
141 141
142 141
143 141
144 141
145 141
146 141
147 141
148 141
149 141
150 141
151 141
152 141
153 141
154 141
155 141
156 141
157 141
158 141
159 141
160 141
161 141
162 141
163 141
164 141
165 141
166 141
167 141
168 141
169 141
170 141
171 141
172 141
173 141
174 141
175 1
176 1
177 1
178 1
179 1
180 1
181 1
182 1
183 1
184 1
185 1
186 1
187 1
188 1
189 1
190 1
191 1
192 1
193 1
194 1
195 1
196 1
197 1
198 1
199 1
200 1
201 1
202 1
203 1
204 1
205 1
206 1
207 1
208 1
209 1
210 1
211 1
212 1
213 1
214 1
215 1
216 1
217 1
218 1
219 1
220 1
221 1
222 1
223 1
224 1
225 1
226 141
227 141
228 141
229 141
230 141
231 141
232 141
233 141
234 141
235 141
236 141
237 141
238 141
239 141
240 141
241 141
242 141
243 141
244 141
245 141
246 141
247 141
248 248
249 248
250 248
251 248
252 248
253 248
254 248
255 248
256 248
257 248
258 248
259 248
260 248
261 248
262 248
263 248
264 248
265 248
266 248
267 248
268 141
269 248
270 248
271 248
272 248
273 248
274 248
275 248
276 248
277 248
278 248
279 248
280 248
281 248
282 248
283 248
284 248
285 248
286 248
287 248
288 248
289 248
290 248
291 248
292 248
293 248
294 248
295 1
296 1
297 1
298 1
299 1
300 1
301 1
302 1
303 1
304 1
305 1
306 1
307 1
308 1
309 1
310 1
311 1
312 1
313 1
314 1
315 1
316 1
317 1
318 1
319 1
320 1
321 1
322 1
323 1
324 141
325 141
326 141
327 141
328 141
329 141
330 141
331 141
332 141
333 141
334 141
335 141
336 141
337 141
338 141
339 141
340 141
341 141
342 141
343 141
344 141
345 141
346 141
347 141
348 141
349 141
350 141
351 141
352 141
353 141
354 141
355 141
356 141
357 141
358 141
359 141
360 141
361 141
362 141
363 141
364 141
365 141
366 141
367 141
368 141
369 141
370 141
371 141
372 141
373 141
374 141
375 141
376 141
377 141
378 141
379 141
380 1
381 1
382 1
383 1
384 1
385 1
386 1
387 1
388 1
389 1
390 1
391 1
392 1
393 1
394 1
395 1
396 1
397 1
398 1
399 1
400 1
401 1
402 1
403 141
404 141
405 141
406 141
407 141
408 141
409 141
410 141
411 141
412 141
413 141
414 141
415 141
416 141
417 141
418 141
419 141
420 141
421 141
422 141
423 1
424 1
425 1
426 1
427 1
428 1
429 1
430 1
431 1
432 1
433 1
434 1
435 1
436 1
437 1
438 1
439 1
440 1
441 1
442 1
443 1
444 1
445 1
446 1
447 1
448 1
449 1
450 1
451 1
452 1
453 1
454 1
455 1
456 1
457 1
458 1
459 1
460 1
461 1
462 1
463 1
464 1
465 1
466 1
467 1
468 1
469 1
470 1
471 1
472 1
473 1
474 1
475 1
476 1
477 1
478 1
479 1
480 1
481 1
482 1
483 1
484 1
485 1
486 1
487 1
488 1
489 1
490 1
491 1
492 1
493 1
494 1
495 1
496 1
497 1
498 1
499 1
500 1
501 1
502 1
503 1
504 1
505 1
506 1
507 1
508 1
509 1
510 1
511 1
512 1
513 1
514 1
515 1
516 1
517 1
518 1
519 1
520 1
521 1
522 1
523 1
524 1
525 1
526 1
527 1
528 1
529 1
530 1
531 1
532 1
533 1
534 1
535 1
536 1
537 1
538 1
539 1
540 1
541 1
542 1
543 1
544 1
545 1
546 1
547 1
548 1
549 1
550 1
551 1
552 1
553 1
554 1
555 1
556 1
557 1
558 1
559 1
560 1
561 1
562 1
563 1
564 1
565 1
566 1
567 1
568 1
569 1
570 1
571 1
572 1
573 1
574 1
575 1
576 1
577 1
578 1
579 1
580 1
581 1
582 1
583 1
584 1
585 1
586 1
587 1
588 1
589 1
590 1
591 141
592 141
593 141
594 141
595 141
596 141
597 141
598 141
599 141
600 141
601 141
602 141
603 141
604 141
605 141
606 141
607 1
608 141
609 141
610 141
611 141
612 141
613 141
614 141
615 141
616 141
617 141
618 141
619 141
620 141
621 141
622 141
623 141
624 141
625 141
626 141
627 141
628 141
629 141
630 141
631 141
632 141
633 141
634 141
635 141
636 141
637 141
638 141
639 141
640 141
641 141
642 141
643 141
644 141
645 141
646 141
647 141
648 141
649 141
650 141
651 141
652 141
653 141
654 141
655 141
656 141
657 141
658 141
659 141
660 141
661 141
662 141
663 141
664 141
665 141
666 141
667 141
668 141
669 141
670 670
671 670
672 670
673 670
674 670
675 670
676 670
677 670
678 670
679 670
680 670
681 670
682 670
683 670
684 670
685 670
686 670
687 670
688 670
689 670
690 670
691 670
692 670
693 670
694 670
695 670
696 670
697 670
698 670
699 670
700 670
701 670
702 670
703 670
704 670
705 670
706 670
707 670
708 670
709 670
710 670
711 670
712 670
713 670
714 670
715 670
716 670
717 670
718 670
719 670
720 670
721 670
722 670
723 670
724 670
725 670
726 670
727 670
728 670
729 670
730 670
731 670
732 670
733 670
734 670
735 670
736 670
737 670
738 670
739 670
740 248
741 670
742 670
743 670
744 1
745 141
746 141
747 141
748 141
749 141
750 141
751 141
752 141
753 141
754 141
755 141
756 141
757 141
758 141
759 141
760 141
761 141
762 141
763 141
764 141
765 1
766 1
767 1
768 1
769 1
770 1
771 1
772 1
773 1
774 1
775 1
776 1
777 1
778 1
779 1
780 1
781 1
782 1
783 2
784 2
785 2
786 670
787 2
788 2
789 670
790 670
791 670
792 670
793 670
794 2
795 2
796 2
797 2
798 2
799 2
800 2
801 2
802 2
803 2
804 2
805 2
806 2
807 2
808 141
809 141
810 141
811 141
812 141
813 141
814 141
815 141
816 141
817 141
818 141
819 141
820 141
821 141
822 141
823 141
824 141
825 141
826 141
827 141
828 141
829 141
830 141
831 141
832 141
833 141
834 141
835 141
836 141
837 141
838 141
839 141
840 141
841 141
842 141
843 141
844 141
845 141
846 141
847 141
848 141
849 141
850 141
851 141
852 141
853 141
854 141
855 141
856 141
857 141
858 141
859 141
860 141
861 141
862 141
863 141
864 141
865 141
866 141
867 141
868 141
869 141
870 141
871 141
872 141
873 141
874 141
875 141
876 141
877 141
878 141
879 141
880 141
881 141
882 141
883 141
884 141
885 141
886 141
887 141
888 141
889 141
890 141
891 141
892 141
893 141
894 141
895 141
896 141
897 141
898 141
899 141
900 141
901 141
902 141
903 141
904 141
905 141
906 141
907 670
908 670
909 670
910 670
911 670
912 670
913 670
914 670
915 670
916 670
917 670
918 670
919 1
920 1
921 1
922 1
923 1
924 1
925 1
926 1
927 1
928 1
929 1
930 1
931 1
932 1
933 1
934 1
935 1
936 1
937 1
938 1
939 1
940 1
941 1
942 1
943 1
944 1
945 1
946 1
947 1
948 1
949 1
950 1
951 1
952 1
953 1
954 1
955 1
956 1
957 1
958 1
959 141
960 141
961 141
962 141
963 141
964 141
965 141
966 141
967 141
968 141
969 141
970 141
971 141
972 141
973 141
974 141
975 141
976 141
977 141
978 141
979 141
980 141
981 141
982 141
983 141
984 141
985 141
986 141
987 141
988 141
989 141
990 141
991 141
992 141
993 141
994 141
995 141
996 141
997 141
998 141
999 670
1000 670
1001 670
1002 670
1003 670
1004 670
1005 670
1006 670
1007 670
1008 670
1009 670
1010 670
1011 141
1012 141
1013 141
1014 141
1015 141
1016 141
1017 141
1018 141
1019 141
1020 141
1021 141
1022 141
1023 141
1024 141
1025 141
1026 141
1027 141
1028 141
1029 141
1030 141
1031 141
1032 141
1033 141
1034 141
1035 141
1036 141
1037 141
1038 141
1039 141
1040 141
1041 141
1042 141
1043 141
1044 141
1045 141
1046 1
1047 248
1048 141
1049 141
1050 141
1051 141
1052 141
1053 141
1054 141
1055 141
1056 141
1057 141
1058 141
1059 141
1060 141
1061 141
1062 141
1063 141
1064 141
1065 141
1066 141
1067 141
1068 141
1069 141
1070 141
1071 141
1072 141
1073 141
1074 141
1075 141
1076 141
1077 141
1078 141
1079 141
1080 141
1081 141
1082 141
1083 141
1084 141
1085 141
1086 141
1087 141
1088 141
1089 141
1090 141
1091 141
1092 141
1093 141
1094 141
1095 141
1096 141
1097 141
1098 141
1099 141
1100 141
1101 141
1102 141
1103 141
1104 141
1105 141
1106 141
1107 141
1108 1
1109 1
1110 1
1111 1
1112 1
1113 1
1114 1
1115 1
1116 1
1117 1
1118 1
1119 1
1120 1
1121 1
1122 1
1123 1
1124 1
1125 1
1126 1
1127 1
1128 141
1129 1
1130 1
1131 1
1132 1
1133 1
1134 1
1135 1
1136 1
1137 1
1138 1
1139 1
1140 1
1141 1
1142 1
1143 1
1144 1
1145 1
1146 1
1147 1
1148 1
1149 1
1150 1
1151 1
1152 1
1153 1
1154 1
1155 1
1156 1
1157 1
1158 1
1159 1
1160 1
1161 670
1162 670
1163 670
1164 670
1165 670
1166 670
1167 670
1168 670
1169 670
1170 670
1171 670
1172 670
1173 670
1174 670
1175 670
1176 670
1177 1177
1178 1178
1179 1177
1180 1177
1181 1181
1182 1178
1183 1178
1184 1178
1185 1178
1186 1178
1187 1178
1188 1177
1189 1178
1190 1178
1191 1191
1192 1178
1193 1191
1194 1178
1195 1177
1196 1191
1197 1191
1198 1178
1199 1178
1200 1178
1201 1178
1202 1178
1203 1177
1204 1181
1205 1177
1206 1181
1207 1177
1208 1177
1209 1177
1210 1181
1211 1177
1212 1177
1213 1177
1214 1181
1215 1177
1216 1181
1217 1177
1218 1177
1219 1177
1220 1177
1221 1177
1222 1177
1223 1177
1224 1224
1225 1177
1226 1177
1227 1177
1228 1177
1229 1177
1230 1177
1231 1224
1232 1224
1233 1177
1234 1177
1235 1177
1236 1177
1237 1177
1238 1177
1239 1224
1240 1177
1241 1177
1242 1177
1243 1224
1244 1177
1245 1181
1246 1181
1247 1177
1248 1177
1249 1177
1250 1181
1251 1177
1252 1177
1253 1181
1254 1177
1255 1177
1256 1181
1257 1181
1258 1177
1259 1181
1260 1181
1261 1181
1262 1181
1263 1177
1264 1181
1265 1177
1266 1177
1267 1224
1268 1177
1269 1224
1270 1224
1271 1177
1272 1177
1273 1177
1274 1224
1275 1224
1276 1177
1277 1177
1278 1177
1279 1177
1280 1177
1281 1177
1282 1224
1283 1177
1284 1177
1285 1177
1286 1177
1287 1177
1288 1177
1289 1181
1290 1177
1291 1177
1292 1177
1293 1177
1294 1177
1295 1177
1296 1177
1297 1177
1298 1181
1299 1177
1300 1177
1301 1177
1302 1177
1303 1177
1304 1177
1305 1177
1306 1177
1307 1177
1308 1177
1309 1177
1310 1177
1311 1177
1312 1177
1313 1313
1314 1177
1315 1177
1316 1177
1317 1177
1318 1177
1319 1177
1320 1177
1321 1177
1322 1177
1323 1177
1324 1177
1325 1177
1326 1177
1327 1177
1328 1177
1329 1177
1330 1181
1331 1181
1332 1181
1333 1181
1334 1181
1335 1181
1336 1181
1337 1181
1338 1181
1339 1181
1340 1181
1341 1181
1342 1181
1343 1181
1344 1181
1345 1181
1346 1181
1347 1181
1348 1181
1349 1181
1350 1181
1351 1177
1352 1181
1353 1177
1354 1177
1355 1177
1356 1177
1357 1177
1358 1191
1359 1177
1360 1177
1361 1177
1362 1177
1363 1177
1364 1177
1365 1177
1366 1177
1367 1177
1368 1177
1369 1177
1370 1177
1371 1177
1372 1177
1373 1177
1374 1177
1375 1177
1376 1177
1377 1177
1378 1177
1379 1177
1380 1177
1381 1177
1382 1177
1383 1177
1384 1177
1385 1177
1386 1177
1387 1177
1388 1177
1389 1177
1390 1177
1391 1177
1392 1177
1393 1177
1394 1177
1395 1177
1396 1177
1397 1177
1398 1177
1399 1178
1400 1177
1401 1177
1402 1177
1403 1177
1404 1177
1405 1177
1406 1177
1407 1177
1408 1177
1409 1177
1410 1177
1411 1177
1412 1177
1413 1177
1414 1177
1415 1177
1416 1177
1417 1177
1418 1177
1419 1177
1420 1177
1421 1177
1422 1177
1423 1177
1424 1177
1425 1177
1426 1177
1427 1177
1428 1177
1429 1177
1430 1177
1431 1177
1432 1177
1433 1177
1434 1177
1435 1177
1436 1177
1437 1177
1438 1177
1439 1177
1440 1177
1441 1177
1442 1177
1443 1177
1444 1177
1445 1181
1446 1181
1447 1181
1448 1181
1449 1181
1450 1181
1451 1181
1452 1181
1453 1181
1454 1181
1455 1181
1456 1181
1457 1181
1458 1181
1459 1181
1460 1181
1461 1181
1462 1181
1463 1181
1464 1181
1465 1181
1466 1178
1467 1178
1468 1178
1469 1178
1470 1178
1471 1178
1472 1178
1473 1178
1474 1178
1475 1178
1476 1178
1477 1178
1478 1178
1479 1178
1480 1178
1481 1178
1482 1178
1483 1178
1484 1181
1485 1181
1486 1181
1487 1181
1488 1181
1489 1181
1490 1181
1491 1181
1492 1181
1493 1181
1494 1181
1495 1181
1496 1181
1497 1181
1498 1181
1499 1181
1500 1181
1501 1181
1502 1181
1503 1181
1504 1181
1505 1181
1506 1181
1507 1181
1508 1177
1509 1181
1510 1181
1511 1181
1512 1181
1513 1181
1514 1181
1515 1181
1516 1181
1517 1181
1518 1181
1519 1181
1520 1181
1521 1181
1522 1181
1523 1181
1524 1181
1525 1181
1526 1177
1527 1178
1528 1177
1529 1177
1530 1177
1531 1177
1532 1177
1533 1177
1534 1177
1535 1177
1536 1177
1537 1177
1538 1177
1539 1177
1540 1177
1541 1177
1542 1177
1543 1177
1544 1177
1545 1177
1546 1177
1547 1177
1548 1177
1549 1177
1550 1177
1551 1177
1552 1177
1553 1177
1554 1177
1555 1177
1556 1177
1557 1177
1558 1177
1559 1177
1560 1177
1561 1177
1562 1177
1563 1177
1564 1177
1565 1177
1566 1177
1567 1177
1568 1181
1569 1177
1570 1177
1571 1177
1572 1177
1573 1177
1574 1177
1575 1177
1576 1177
1577 1177
1578 1177
1579 1177
1580 1177
1581 1177
1582 1177
1583 1177
1584 1177
1585 1177
1586 1177
1587 1177
1588 1177
1589 1177
1590 1177
1591 1177
1592 1177
1593 1177
1594 1177
1595 1177
1596 1177
1597 1177
1598 1177
1599 1177
1600 1177
1601 1177
1602 1177
1603 1177
1604 1177
1605 1177
1606 1177
1607 1177
1608 1177
1609 1177
1610 1177
1611 1177
1612 1177
1613 1177
1614 1177
1615 1177
1616 1177
1617 1177
1618 1177
1619 1177
1620 1177
1621 1177
1622 1177
1623 1177
1624 1177
1625 1177
1626 1177
1627 1177
1628 1177
1629 1177
1630 1177
1631 1177
1632 1177
1633 1177
1634 1177
1635 1177
1636 1177
1637 1177
1638 1177
1639 1177
1640 1177
1641 1177
1642 1177
1643 1177
1644 1177
1645 1177
1646 1177
1647 1177
1648 1177
1649 1177
1650 1177
1651 1177
1652 1177
1653 1177
1654 1177
1655 1178
1656 1191
1657 1177
1658 1178
1659 1177
1660 1191
1661 1178
1662 1177
1663 1178
1664 1177
1665 1177
1666 1178
1667 1177
1668 1177
1669 1191
1670 1178
1671 1177
1672 1178
1673 1177
1674 1178
1675 1177
1676 1177
1677 1177
1678 1181
1679 1177
1680 1181
1681 1181
1682 1181
1683 1181
1684 1177
1685 1177
1686 1181
1687 1181
1688 1177
1689 1181
1690 1181
1691 1181
1692 1181
1693 1181
1694 1177
1695 1177
1696 1177
1697 1177
1698 1177
1699 1177
1700 1177
1701 1177
1702 1177
1703 1177
1704 1177
1705 1177
1706 1177
1707 1177
1708 1177
1709 1177
1710 1177
1711 1177
1712 1177
1713 1177
1714 1177
1715 1177
1716 1177
1717 1177
1718 1177
1719 1177
1720 1177
1721 1177
1722 1177
1723 1177
1724 1177
1725 1177
1726 1177
1727 1177
1728 1177
1729 1177
1730 1177
1731 1177
1732 1177
1733 1177
1734 1177
1735 1177
1736 1177
1737 1177
1738 1177
1739 1177
1740 1177
1741 1177
1742 1177
1743 1178
1744 1177
1745 1177
1746 1177
1747 1177
1748 1177
1749 1191
1750 1177
1751 1177
1752 1177
1753 1177
1754 1177
1755 1177
1756 1177
1757 1177
1758 1177
1759 1177
1760 1177
1761 1177
1762 1177
1763 1177
1764 1177
1765 1177
1766 1177
1767 1177
1768 1177
1769 1177
1770 1177
1771 1177
1772 1177
1773 1177
1774 1177
1775 1177
1776 1177
1777 1177
1778 1177
1779 1177
1780 1177
1781 1177
1782 1177
1783 1177
1784 1177
1785 1177
1786 1177
1787 1177
1788 1177
1789 1177
1790 1177
1791 1177
1792 1177
1793 1177
1794 1177
1795 1177
1796 1177
1797 1177
1798 1177
1799 1177
1800 1177
1801 1181
1802 1177
1803 1177
1804 1181
1805 1177
1806 1177
1807 1177
1808 1177
1809 1181
1810 1810
1811 1810
1812 1810
1813 1810
1814 1810
1815 1810
1816 1810
1817 1810
1818 1810
1819 1810
1820 1810
1821 1810
1822 1810
1823 1810
1824 1810
1825 1810
1826 1810
1827 1810
1828 1810
1829 1810
1830 1810
1831 1810
1832 1810
1833 1810
1834 1810
1835 1810
1836 1810
1837 1810
1838 1810
1839 1810
1840 1810
1841 1810
1842 1810
1843 1810
1844 1810
1845 1810
1846 1810
1847 1810
1848 1810
1849 1810
1850 1810
1851 1810
1852 1810
1853 1810
1854 1810
1855 1855
1856 1810
1857 1810
1858 1810
1859 1810
1860 1810
1861 1810
1862 1810
1863 1810
1864 1810
1865 1810
1866 1810
1867 1810
1868 1810
1869 1810
1870 1810
1871 1810
1872 1810
1873 1810
1874 1810
1875 1810
1876 1810
1877 1810
1878 1878
1879 1810
1880 1810
1881 1810
1882 1810
1883 1810
1884 1810
1885 1810
1886 1810
1887 1810
1888 1810
1889 1810
1890 1810
1891 1810
1892 1810
1893 1810
1894 1810
1895 1810
1896 1810
1897 1810
1898 1810
1899 1810
1900 1810
1901 1810
1902 1810
1903 1810
1904 1810
1905 1810
1906 1810
1907 1810
1908 1810
1909 1810
1910 1810
1911 1810
1912 1810
1913 1810
1914 1810
1915 1810
1916 1810
1917 1810
1918 1810
1919 1810
1920 1810
1921 1810
1922 1810
1923 1810
1924 1810
1925 1810
1926 1810
1927 1810
1928 1810
1929 1810
1930 1810
1931 1810
1932 1810
1933 1810
1934 1810
1935 1810
1936 1810
1937 1810
1938 1810
1939 1810
1940 1810
1941 1810
1942 1810
1943 1810
1944 1810
1945 1810
1946 1810
1947 1810
1948 1810
1949 1810
1950 1810
1951 1810
1952 1810
1953 1810
1954 1810
1955 1810
1956 1810
1957 1810
1958 1810
1959 1810
1960 1810
1961 1810
1962 1810
1963 1810
1964 1810
1965 1810
1966 1810
1967 1810
1968 1810
1969 1810
1970 1810
1971 1810
1972 1810
1973 1810
1974 1810
1975 1810
1976 1810
1977 1810
1978 1810
1979 1810
1980 1810
1981 1810
1982 1810
1983 1810
1984 1810
1985 1810
1986 1810
1987 1810
1988 1810
1989 1810
1990 1810
1991 1810
1992 1810
1993 1810
1994 1810
1995 1810
1996 1810
1997 1810
1998 1810
1999 1810
2000 1810
2001 2001
2002 1810
2003 1810
2004 1810
2005 1810
2006 2001
2007 1810
2008 1810
2009 1810
2010 1810
2011 1810
2012 1810
2013 1810
2014 1810
2015 2001
2016 2001
2017 1810
2018 2001
2019 1810
2020 1810
2021 1810
2022 1810
2023 1810
2024 2001
2025 2001
2026 2001
2027 2001
2028 2001
2029 2001
2030 2001
2031 2001
2032 2001
2033 2001
2034 2001
2035 2001
2036 2001
2037 2001
2038 2001
2039 2001
2040 2001
2041 2001
2042 2001
2043 2001
2044 2001
2045 2001
2046 2001
2047 2001
2048 2001
2049 2001
2050 2001
2051 2001
2052 2001
2053 2001
2054 2001
2055 2001
2056 2001
2057 2001
2058 2001
2059 2001
2060 2001
2061 2001
2062 2001
2063 2001
2064 2001
2065 2001
2066 2001
2067 2001
2068 2001
2069 2001
2070 2001
2071 2001
2072 2001
2073 2001
2074 2001
2075 2001
2076 2001
2077 2001
2078 2001
2079 2001
2080 2001
2081 2001
2082 2001
2083 2001
2084 2001
2085 2001
2086 2001
2087 2001
2088 2001
2089 2001
2090 2001
2091 2001
2092 2001
2093 2001
2094 2001
2095 2001
2096 2001
2097 2001
2098 2001
2099 2001
2100 2001
2101 2001
2102 2001
2103 2001
2104 2001
2105 2001
2106 2001
2107 2001
2108 2001
2109 2001
2110 2001
2111 2001
2112 2001
2113 2001
2114 2001
2115 2001
2116 2001
2117 2001
2118 2001
2119 2001
2120 2001
2121 2001
2122 2001
2123 2001
2124 2001
2125 2001
2126 2001
2127 2001
2128 2001
2129 2001
2130 2001
2131 2001
2132 2001
2133 2001
2134 2001
2135 2001
2136 2001
2137 2001
2138 2001
2139 2001
2140 2001
2141 1855
2142 1855
2143 1855
2144 1855
2145 1855
2146 1855
2147 1855
2148 1855
2149 1855
2150 1855
2151 1855
2152 1855
2153 1855
2154 1855
2155 1855
2156 1855
2157 1855
2158 1855
2159 1855
2160 1855
2161 1855
2162 1855
2163 1855
2164 1855
2165 1855
2166 1855
2167 1855
2168 1855
2169 1855
2170 1855
2171 1855
2172 1855
2173 1855
2174 1855
2175 1855
2176 1855
2177 1855
2178 1855
2179 1855
2180 1855
2181 1855
2182 1855
2183 1855
2184 1855
2185 1855
2186 1855
2187 1855
2188 1855
2189 1855
2190 1855
2191 1855
2192 1855
2193 1855
2194 1855
2195 1855
2196 1855
2197 1855
2198 1855
2199 1855
2200 1855
2201 1855
2202 1855
2203 1855
2204 1855
2205 1855
2206 1855
2207 1855
2208 1855
2209 1855
2210 1855
2211 1855
2212 1855
2213 1855
2214 1855
2215 1855
2216 1855
2217 1855
2218 1855
2219 1855
2220 1855
2221 1855
2222 1855
2223 1855
2224 1855
2225 1855
2226 1855
2227 1855
2228 1855
2229 1855
2230 1855
2231 1855
2232 1855
2233 1855
2234 1855
2235 2235
2236 2235
2237 2235
2238 2235
2239 2235
2240 2235
2241 2235
2242 2235
2243 2235
2244 2235
2245 2235
2246 2235
2247 2235
2248 2235
2249 2235
2250 2235
2251 2235
2252 2235
2253 2235
2254 2235
2255 2235
2256 2235
2257 2235
2258 2235
2259 2235
2260 2235
2261 2235
2262 2235
2263 2235
2264 2235
2265 2235
2266 2235
2267 2235
2268 2235
2269 2235
2270 2235
2271 2235
2272 2235
2273 2235
2274 2235
2275 2235
2276 2235
2277 2235
2278 2235
2279 2235
2280 2235
2281 2235
2282 2235
2283 2235
2284 2235
2285 2235
2286 2235
2287 2235
2288 2235
2289 2235
2290 2235
2291 2235
2292 2235
2293 2235
2294 2235
2295 2235
2296 2235
2297 2235
2298 2235
2299 2235
2300 2235
2301 2235
2302 2235
2303 2235
2304 2235
2305 2235
2306 2235
2307 2235
2308 2235
2309 2235
2310 2235
2311 2235
2312 2235
2313 2235
2314 2235
2315 2235
2316 2235
2317 2235
2318 2235
2319 2235
2320 2235
2321 2235
2322 2235
2323 2235
2324 2235
2325 2235
2326 2235
2327 2235
2328 2235
2329 2235
2330 2235
2331 2235
2332 2235
2333 2235
2334 2235
2335 2235
2336 2235
2337 2235
2338 2235
2339 2235
2340 2235
2341 2235
2342 2235
2343 2235
2344 2235
2345 2235
2346 2235
2347 2235
2348 2348
2349 2348
2350 2348
2351 2348
2352 2348
2353 2348
2354 2348
2355 2348
2356 2348
2357 2348
2358 2348
2359 2348
2360 2348
2361 2348
2362 2348
2363 2348
2364 2348
2365 2348
2366 2348
2367 2348
2368 2348
2369 2348
2370 2348
2371 2348
2372 2348
2373 2348
2374 2348
2375 2348
2376 2348
2377 2348
2378 2348
2379 2348
2380 2348
2381 2348
2382 2348
2383 2348
2384 2348
2385 2348
2386 2348
2387 2348
2388 2348
2389 2348
2390 2348
2391 2348
2392 2348
2393 2348
2394 2348
2395 2348
2396 2348
2397 2348
2398 2348
2399 2348
2400 2348
2401 2348
2402 2348
2403 2348
2404 2348
2405 2348
2406 2348
2407 2348
2408 2348
2409 2348
2410 2348
2411 2348
2412 2348
2413 2348
2414 2348
2415 2348
2416 2348
2417 2348
2418 2348
2419 2348
2420 2348
2421 2348
2422 2348
2423 2348
2424 2348
2425 2348
2426 2348
2427 2348
2428 2348
2429 2348
2430 2348
2431 2348
2432 2348
2433 2348
2434 2348
2435 2348
2436 2348
2437 2348
2438 2348
2439 2348
2440 2348
2441 2348
2442 2348
2443 2348
2444 2348
2445 2348
2446 2348
2447 2348
2448 2348
2449 2348
2450 2348
2451 2348
2452 2348
2453 2348
2454 2348
2455 2348
2456 2348
2457 2348
2458 2348
2459 2348
2460 2348
2461 2348
2462 2348
2463 2348
2464 2348
2465 2348
2466 2348
2467 2348
2468 2348
2469 2348
2470 2348
2471 2348
2472 2348
2473 2348
2474 2348
2475 2348
2476 2348
2477 2348
2478 2348
2479 2348
2480 2348
2481 2348
2482 2348
2483 2348
2484 2348
2485 2348
2486 2348
2487 2348
2488 2348
2489 2348
2490 2348
2491 2348
2492 2348
2493 2348
2494 2348
2495 2348
2496 2348
2497 2348
2498 2348
2499 2348
2500 2348
2501 2348
2502 2348
2503 2348
2504 2348
2505 2348
2506 2348
2507 2348
2508 2348
2509 2348
2510 1855
2511 1855
2512 1855
2513 1855
2514 1855
2515 1855
2516 1855
2517 1855
2518 1855
2519 1855
2520 1855
2521 1855
2522 1855
2523 1855
2524 1855
2525 1855
2526 1855
2527 1855
2528 1855
2529 1855
2530 1855
2531 1855
2532 1855
2533 1855
2534 1855
2535 1855
2536 1855
2537 1855
2538 1855
2539 1855
2540 1855
2541 1855
2542 1855
2543 1855
2544 1855
2545 1855
2546 1855
2547 1855
2548 1855
2549 1855
2550 1855
2551 1855
2552 1855
2553 1855
2554 1855
2555 1810
2556 1855
2557 1855
2558 1855
2559 1855
2560 1855
2561 1855
2562 1855
2563 1855
2564 1855
2565 1855
2566 1855
2567 1855
2568 1855
2569 1855
2570 1855
2571 1855
2572 1855
2573 1855
2574 1855
2575 1855
2576 1855
2577 1855
2578 1855
2579 1855
2580 1855
2581 1855
2582 1855
2583 1855
2584 1855
2585 1855
2586 1855
2587 1855
2588 1855
2589 1855
2590 1855
2591 1855
2592 1855
2593 1855
2594 1855
2595 1855
2596 1855
2597 1855
2598 1855
2599 1855
2600 1855
2601 1855
2602 1855
2603 1855
2604 1855
2605 1855
2606 1855
2607 1855
2608 1855
2609 1855
2610 1855
2611 1855
2612 1855
2613 1855
2614 1855
2615 1855
2616 1855
2617 1855
2618 1855
2619 1855
2620 1855
2621 1855
2622 1855
2623 1855
2624 1855
2625 1855
2626 1855
2627 1855
2628 1855
2629 1855
2630 1855
2631 1855
2632 1855
2633 1855
2634 1855
2635 1855
2636 2636
2637 2636
2638 2636
2639 2636
2640 2636
2641 2636
2642 2636
2643 2636
2644 2636
2645 2636
2646 2636
2647 2636
2648 2636
2649 2636
2650 2636
2651 2636
2652 2636
2653 2636
2654 2636
2655 2636
2656 2636
2657 2636
2658 2636
2659 2636
2660 2636
2661 2636
2662 2636
2663 2636
2664 2636
2665 2636
2666 2636
2667 2636
2668 2636
2669 2636
2670 2636
2671 2636
2672 2636
2673 2636
2674 2636
2675 2636
2676 2636
2677 2636
2678 2636
2679 2636
2680 2636
2681 2636
2682 2636
2683 2636
2684 2636
2685 2636
2686 2636
2687 2636
2688 2636
2689 2636
2690 2636
2691 2636
2692 2636
2693 2636
2694 2636
2695 2636
2696 2636
2697 2636
2698 2636
2699 2636
2700 2636
2701 2636
2702 2636
2703 2636
2704 2636
2705 2636
2706 2636
2707 2636
2708 2636
2709 2636
2710 2636
2711 2636
2712 2636
2713 2636
2714 2636
2715 2636
2716 2636
2717 2636
2718 2636
2719 2636
2720 2636
2721 2636
2722 2636
2723 2636
2724 2636
2725 2636
2726 2636
2727 2636
2728 2636
2729 2636
2730 2636
2731 2636
2732 2636
2733 2636
2734 2636
2735 2636
2736 2636
2737 2636
2738 2636
2739 2636
2740 2636
2741 2636
2742 2636
2743 2636
2744 2636
2745 2636
2746 2636
2747 2636
2748 2636
2749 2636
2750 2636
2751 2636
2752 2001
2753 2001
2754 2001
2755 2001
2756 2001
2757 2001
2758 2001
2759 2001
2760 2001
2761 2001
2762 2001
2763 2001
2764 2001
2765 2001
2766 2001
2767 2001
2768 2001
2769 2001
2770 2001
2771 2001
2772 2001
2773 2001
2774 2001
2775 2001
2776 2001
2777 2001
2778 2001
2779 2001
2780 2001
2781 2001
2782 2001
2783 2001
2784 2001
2785 2001
2786 2001
2787 2001
2788 2001
2789 2001
2790 2001
2791 2001
2792 2001
2793 2001
2794 2001
2795 1810
2796 1810
2797 1810
2798 1810
2799 1810
2800 1810
2801 1810
2802 1810
2803 1810
2804 1810
2805 1810
2806 1810
2807 1810
2808 1810
2809 1810
2810 1810
2811 1810
2812 1810
2813 1810
2814 1810
2815 1810
2816 1810
2817 1810
2818 1810
2819 1810
2820 1810
2821 1810
2822 1810
2823 1810
2824 1810
2825 1810
2826 1810
2827 1810
2828 1810
2829 1810
2830 1810
2831 1810
2832 1810
2833 1810
2834 1810
2835 1810
2836 1810
2837 1810
2838 1810
2839 1855
2840 1855
2841 1855
2842 1855
2843 1855
2844 1855
2845 1855
2846 1855
2847 1855
2848 1855
2849 1855
2850 1855
2851 1855
2852 1855
2853 1855
2854 1855
2855 1855
2856 1855
2857 1855
2858 1855
2859 1855
2860 1855
2861 1855
2862 1855
2863 1855
2864 1855
2865 1855
2866 1855
2867 1855
2868 1855
2869 1855
2870 1855
2871 1855
2872 1855
2873 1855
2874 1855
2875 1855
2876 1855
2877 1855
2878 1855
2879 1855
2880 1855
2881 1855
2882 1855
2883 1855
2884 1855
2885 1855
2886 1855
2887 1855
2888 1855
2889 1855
2890 1855
2891 1855
2892 1855
2893 1855
2894 1855
2895 1855
2896 1855
2897 1855
2898 1855
2899 1855
2900 1855
2901 1855
2902 1855
2903 1855
2904 1855
2905 1855
2906 1855
2907 1855
2908 1855
2909 1855
2910 1855
2911 1855
2912 1855
2913 1855
2914 1855
2915 1855
2916 1855
2917 1855
2918 1855
2919 1855
2920 1855
2921 1855
2922 1855
2923 1855
2924 1855
2925 1855
2926 1855
2927 1855
2928 1855
2929 1855
2930 1855
2931 1855
2932 1855
2933 1855
2934 1855
2935 1855
2936 1855
2937 1855
2938 1855
2939 1855
2940 1855
2941 1855
2942 2942
2943 2942
2944 2942
2945 2942
2946 2942
2947 2942
2948 2942
2949 2942
2950 2942
2951 2942
2952 2942
2953 2942
2954 2942
2955 2942
2956 2942
2957 2942
2958 2942
2959 2942
2960 2942
2961 2942
2962 2942
2963 2942
2964 2942
2965 2942
2966 2942
2967 2942
2968 2942
2969 2942
2970 2942
2971 2942
2972 2942
2973 2942
2974 2942
2975 2942
2976 2942
2977 2942
2978 2942
2979 2942
2980 2942
2981 2942
2982 1855
2983 1855
2984 1855
2985 1855
2986 2942
2987 2942
2988 2942
2989 2942
2990 2942
2991 2942
2992 2942
2993 2942
2994 1855
2995 2942
2996 2942
2997 2942
2998 2942
2999 2942
3000 2942
3001 2942
3002 2942
3003 1855
3004 2942
3005 2942
3006 2942
3007 2942
3008 2942
3009 2942
3010 2942
3011 2942
3012 2942
3013 2942
3014 2942
3015 2942
3016 2942
3017 3017
3018 3017
3019 3017
3020 3017
3021 3017
3022 3017
3023 3017
3024 3017
3025 3017
3026 3017
3027 3017
3028 3017
3029 3017
3030 3017
3031 3017
3032 3017
3033 3017
3034 3017
3035 3017
3036 3017
3037 3017
3038 3017
3039 3017
3040 3017
3041 2348
3042 3017
3043 2348
3044 3017
3045 3017
3046 3017
3047 3017
3048 3017
3049 3017
3050 3017
3051 3017
3052 3017
3053 3017
3054 3017
3055 3017
3056 3017
3057 2348
3058 2348
3059 2348
3060 2348
3061 2348
3062 2348
3063 2348
3064 2348
3065 2348
3066 2348
3067 2348
3068 2348
3069 2348
3070 2348
3071 2348
3072 2348
3073 2348
3074 2348
3075 2348
3076 2348
3077 2348
3078 2348
3079 2348
3080 2348
3081 2348
3082 2348
3083 2348
3084 2348
3085 2348
3086 2348
3087 2348
3088 2348
3089 2348
3090 2348
3091 2348
3092 2348
3093 2348
3094 2348
3095 2348
3096 2348
3097 2348
3098 2348
3099 2348
3100 2348
3101 2348
3102 2348
3103 2348
3104 2348
3105 2348
3106 2348
3107 2348
3108 2348
3109 2348
3110 3017
3111 3017
3112 3017
3113 3017
3114 3017
3115 3017
3116 3017
3117 3017
3118 3017
3119 3017
3120 3017
3121 3017
3122 3017
3123 3017
3124 3017
3125 3017
3126 3017
3127 3017
3128 3017
3129 3017
3130 3017
3131 3017
3132 3017
3133 3017
3134 3017
3135 3017
3136 3017
3137 3017
3138 3017
3139 3017
3140 3017
3141 3017
3142 3017
3143 3017
3144 3017
3145 3017
3146 3017
3147 3017
3148 3017
3149 3017
3150 3017
3151 3017
3152 3017
3153 3017
3154 3017
3155 3017
3156 3017
3157 3017
3158 3017
3159 3017
3160 3017
3161 3017
3162 3017
3163 3017
3164 3017
3165 3017
3166 3017
3167 3017
3168 3017
3169 3017
3170 3017
3171 3017
3172 3017
3173 3017
3174 3017
3175 3017
3176 3017
3177 3017
3178 3017
3179 3017
3180 3017
3181 3017
3182 3017
3183 3017
3184 3017
3185 3017
3186 3017
3187 3017
3188 3017
3189 3017
3190 3017
3191 3017
3192 3017
3193 3017
3194 3017
3195 3017
3196 3017
3197 3017
3198 3017
3199 3017
3200 3017
3201 3017
3202 3017
3203 3017
3204 3017
3205 3017
3206 3017
3207 3017
3208 3017
3209 3017
3210 3017
3211 3017
3212 3017
3213 3017
3214 3017
3215 3017
3216 3017
3217 3017
3218 3017
3219 3017
3220 3017
3221 3017
3222 3017
3223 3017
3224 3017
3225 3017
3226 3017
3227 3017
3228 3017
3229 3017
3230 3017
3231 3017
3232 3017
3233 3017
3234 3017
3235 3017
3236 3017
3237 3017
3238 3017
3239 3017
3240 3017
3241 3017
3242 3017
3243 3017
3244 3017
3245 3017
3246 3017
3247 3017
3248 3017
3249 3017
3250 3017
3251 3017
3252 3017
3253 3017
3254 3017
3255 3017
3256 3017
3257 3017
3258 3017
3259 3017
3260 3017
3261 3017
3262 3017
3263 3017
3264 3017
3265 3017
3266 3017
3267 3017
3268 3017
3269 3017
3270 3017
3271 3017
3272 3017
3273 3017
3274 3017
3275 3017
3276 3017
3277 3017
3278 3017
3279 3017
3280 3017
3281 3017
3282 3017
3283 3017
3284 3017
3285 3017
3286 3017
3287 3017
3288 3017
3289 3017
3290 3017
3291 3017
3292 3017
3293 3017
3294 3017
3295 3017
3296 3017
3297 3017
3298 3017
3299 3017
3300 3017
3301 3017
3302 3017
3303 3017
3304 3017
3305 3017
3306 3017
3307 3017
3308 3017
3309 3017
3310 3017
3311 3017
3312 3017
3313 3017
3314 3017
3315 3017
3316 3017
3317 3017
3318 3017
3319 3017
3320 3017
3321 3017
3322 3017
3323 3017
3324 3017
3325 3017
3326 3017
3327 3017
3328 3017
3329 3017
3330 3017
3331 3017
3332 3017
3333 3017
3334 3017
3335 3017
3336 3017
3337 3017
3338 3017
3339 3017
3340 3017
3341 3017
3342 3017
3343 3017
3344 1855
3345 3345
3346 3345
3347 1855
3348 3345
3349 3349
3350 3345
3351 3345
3352 1855
3353 3345
3354 3345
3355 1855
3356 3345
3357 1855
3358 3345
3359 3345
3360 3345
3361 3345
3362 3345
3363 3345
3364 3345
3365 3345
3366 3345
3367 3345
3368 1181
3369 1181
3370 1181
3371 1181
3372 1181
3373 1181
3374 1181
3375 1181
3376 1181
3377 1181
3378 1181
3379 1181
3380 1181
3381 1181
3382 1181
3383 1181
3384 1181
3385 1181
3386 1181
3387 1178
3388 1178
3389 1178
3390 1178
3391 1178
3392 1178
3393 1178
3394 1178
3395 1178
3396 1178
3397 1178
3398 1178
3399 1178
3400 1178
3401 1178
3402 1178
3403 1178
3404 1178
3405 1178
3406 1178
3407 1178
3408 1178
3409 1178
3410 1178
3411 1178
3412 1178
3413 1178
3414 1178
3415 1178
3416 1178
3417 1178
3418 1178
3419 1178
3420 1178
3421 1178
3422 1178
3423 1178
3424 1224
3425 1224
3426 1224
3427 1224
3428 1224
3429 1224
3430 1224
3431 1224
3432 1224
3433 1224
3434 1224
3435 1224
3436 1224
3437 1224
3438 1224
3439 1224
3440 1224
3441 1224
3442 1224
3443 1224
3444 1224
3445 1224
3446 1181
3447 1181
3448 1181
3449 1181
3450 1181
3451 1181
3452 1181
3453 1181
3454 1181
3455 1181
3456 1181
3457 1181
3458 1181
3459 1181
3460 1181
3461 1181
3462 1181
3463 1181
3464 1181
3465 1181
3466 1181
3467 1181
3468 1181
3469 1181
3470 1181
3471 1181
3472 1181
3473 1181
3474 1181
3475 1181
3476 1181
3477 3477
3478 1181
3479 1181
3480 1181
3481 1181
3482 1181
3483 1181
3484 1181
3485 1181
3486 1181
3487 1181
3488 1181
3489 1181
3490 1181
3491 1181
3492 1181
3493 1181
3494 1181
3495 1181
3496 1181
3497 1181
3498 1181
3499 1181
3500 1181
3501 1181
3502 1181
3503 1181
3504 1181
3505 1181
3506 1181
3507 1181
3508 1181
3509 1181
3510 1181
3511 1181
3512 1181
3513 1181
3514 1181
3515 1181
3516 1181
3517 1181
3518 1181
3519 1181
3520 1181
3521 1181
3522 1181
3523 1181
3524 1181
3525 1181
3526 1181
3527 1181
3528 1181
3529 1181
3530 1181
3531 1181
3532 1181
3533 1181
3534 1181
3535 1181
3536 1181
3537 1181
3538 1181
3539 1181
3540 1181
3541 1181
3542 1181
3543 1181
3544 1181
3545 1181
3546 1181
3547 1181
3548 1181
3549 1181
3550 1181
3551 1181
3552 1181
3553 1181
3554 1181
3555 1181
3556 1181
3557 1181
3558 1181
3559 1181
3560 1181
3561 1181
3562 1181
3563 1181
3564 1181
3565 1181
3566 1181
3567 1181
3568 1181
3569 1181
3570 1181
3571 1181
3572 1181
3573 1181
3574 1181
3575 1181
3576 1181
3577 1181
3578 1181
3579 1181
3580 1181
3581 1181
3582 1181
3583 1181
3584 1181
3585 1181
3586 1181
3587 1181
3588 1181
3589 1181
3590 1181
3591 1181
3592 1181
3593 1181
3594 1181
3595 1313
3596 1313
3597 1313
3598 1313
3599 1313
3600 1313
3601 1313
3602 1313
3603 1313
3604 1313
3605 1313
3606 1313
3607 1313
3608 1313
3609 1313
3610 1313
3611 1313
3612 1313
3613 1313
3614 1313
3615 1313
3616 3477
3617 3477
3618 3017
3619 3477
3620 3477
3621 3477
3622 3477
3623 3477
3624 3477
3625 3477
3626 3477
3627 3477
3628 3477
3629 3477
3630 3017
3631 3477
3632 3017
3633 3477
3634 3477
3635 3477
3636 3477
3637 3477
3638 3477
3639 3477
3640 3477
3641 3477
3642 3477
3643 3477
3644 3477
3645 3477
3646 3646
3647 3646
3648 3646
3649 3646
3650 3646
3651 3651
3652 3651
3653 3651
3654 3651
3655 3651
3656 3651
3657 3651
3658 3651
3659 3651
3660 3651
3661 3651
3662 3651
3663 3651
3664 3651
3665 3651
3666 3646
3667 3646
3668 3651
3669 3646
3670 3651
3671 3651
3672 3651
3673 3651
3674 3651
3675 3651
3676 3651
3677 3651
3678 3646
3679 3646
3680 3646
3681 3646
3682 3646
3683 3651
3684 3646
3685 3651
3686 3646
3687 3646
3688 3646
3689 3651
3690 3651
3691 3646
3692 3651
3693 3651
3694 2001
3695 2001
3696 2001
3697 2001
3698 2001
3699 2001
3700 2001
3701 2001
3702 2001
3703 2001
3704 2001
3705 2001
3706 2001
3707 2001
3708 2001
3709 2001
3710 2001
3711 2001
3712 2001
3713 2001
3714 2001
3715 2001
3716 2001
3717 2001
3718 2001
3719 2001
3720 2001
3721 2001
3722 2001
3723 2001
3724 2001
3725 2001
3726 2001
3727 2001
3728 2001
3729 2001
3730 2001
3731 2001
3732 2001
3733 2001
3734 2001
3735 2001
3736 2001
3737 2001
3738 2001
3739 2001
3740 2001
3741 2001
3742 2001
3743 2001
3744 2001
3745 2001
3746 2001
3747 2001
3748 2001
3749 2001
3750 2001
3751 2001
3752 2001
3753 2001
3754 2001
3755 2001
3756 2001
3757 2001
3758 2001
3759 2001
3760 2001
3761 2001
3762 2001
3763 2001
3764 2001
3765 2001
3766 2001
3767 2001
3768 2001
3769 2001
3770 2001
3771 2001
3772 2001
3773 2001
3774 2001
3775 2001
3776 2001
3777 2001
3778 2001
3779 2001
3780 2001
3781 2001
3782 2001
3783 2001
3784 2001
3785 2001
3786 2001
3787 2001
3788 2001
3789 2001
3790 2001
3791 2001
3792 2001
3793 2001
3794 2001
3795 2001
3796 2001
3797 2001
3798 2001
3799 2001
3800 2001
3801 2001
3802 2001
3803 2001
3804 2001
3805 2001
3806 2001
3807 2001
3808 2001
3809 2001
3810 2001
3811 2001
3812 2001
3813 2001
3814 2001
3815 2001
3816 2001
3817 2001
3818 2001
3819 2001
3820 2001
3821 2001
3822 2001
3823 2001
3824 2001
3825 2001
3826 2001
3827 2001
3828 2001
3829 2001
3830 2001
3831 2001
3832 2001
3833 2001
3834 2001
3835 2001
3836 2001
3837 2001
3838 2001
3839 2001
3840 2001
3841 2001
3842 2001
3843 2001
3844 2001
3845 2001
3846 2001
3847 2001
3848 2001
3849 2001
3850 2001
3851 2001
3852 2001
3853 2001
3854 2001
3855 2001
3856 2001
3857 2001
3858 2001
3859 2001
3860 2001
3861 2001
3862 2001
3863 2001
3864 2001
3865 2001
3866 2001
3867 2001
3868 2001
3869 2001
3870 2001
3871 2001
3872 2001
3873 2001
3874 2001
3875 2001
3876 2001
3877 2001
3878 2001
3879 2001
3880 2001
3881 2001
3882 2001
3883 2001
3884 2001
3885 2001
3886 2001
3887 2001
3888 2001
3889 2001
3890 2001
3891 2001
3892 2001
3893 2001
3894 2001
3895 2001
3896 2001
3897 2001
3898 2001
3899 2001
3900 2001
3901 2001
3902 2001
3903 2001
3904 2001
3905 2001
3906 2001
3907 2001
3908 2001
3909 2001
3910 2001
3911 2001
3912 2001
3913 2001
3914 2001
3915 2001
3916 2001
3917 2001
3918 2001
3919 2001
3920 2001
3921 2001
3922 2001
3923 2001
3924 2001
3925 2001
3926 2001
3927 2001
3928 2001
3929 2001
3930 2001
3931 2001
3932 2001
3933 2001
3934 2001
3935 2001
3936 2001
3937 2001
3938 2348
3939 2001
3940 2001
3941 2001
3942 2001
3943 2001
3944 2001
3945 2001
3946 2001
3947 2001
3948 2001
3949 2001
3950 2001
3951 2001
3952 2001
3953 2001
3954 2001
3955 2001
3956 2001
3957 2001
3958 2001
3959 2001
3960 2001
3961 2001
3962 2001
3963 2348
3964 2001
3965 2001
3966 2001
3967 2001
3968 2001
3969 2001
3970 2001
3971 2001
3972 2001
3973 2001
3974 2001
3975 2001
3976 2001
3977 3977
3978 2348
3979 2348
3980 2348
3981 2348
3982 2348
3983 2348
3984 3984
3985 2348
3986 2348
3987 3984
3988 3977
3989 2348
3990 2348
3991 2348
3992 2348
3993 2348
3994 2348
3995 2348
3996 3017
3997 3017
3998 2348
3999 2348
4000 2348
4001 2348
4002 2348
4003 2348
4004 2348
4005 2348
4006 2348
4007 2348
4008 2348
4009 2348
4010 2348
4011 2348
4012 2348
4013 3984
4014 2348
4015 2348
4016 3984
4017 2348
4018 2348
4019 2348
4020 2348
4021 2348
4022 2348
4023 2001
4024 3977
4025 2348
4026 2348
4027 2348
4028 2348
4029 2348
4030 2348
4031 2348
4032 2348
4033 2348
4034 2348
4035 2348
4036 2348
4037 3984
4038 3984
4039 3984
4040 2348
4041 3984
4042 3977
4043 2348
4044 2348
4045 2348
4046 2348
4047 3977
4048 2348
4049 3977
4050 4050
4051 4050
4052 4050
4053 4050
4054 4050
4055 4050
4056 4050
4057 4050
4058 4050
4059 4050
4060 4050
4061 4050
4062 4050
4063 4050
4064 4050
4065 4050
4066 4050
4067 4050
4068 4050
4069 4050
4070 4050
4071 4050
4072 4050
4073 4050
4074 4050
4075 4050
4076 4050
4077 4050
4078 4050
4079 4050
4080 4050
4081 4050
4082 4050
4083 4050
4084 4050
4085 4050
4086 4050
4087 4050
4088 4050
4089 4050
4090 4050
4091 4050
4092 4050
4093 4050
4094 4050
4095 4050
4096 4050
4097 4050
4098 4050
4099 4050
4100 4050
4101 4050
4102 4050
4103 4050
4104 4050
4105 4050
4106 4050
4107 4050
4108 4050
4109 4050
4110 4050
4111 4050
4112 4050
4113 4050
4114 4050
4115 4050
4116 4050
4117 4050
4118 4050
4119 4050
4120 4050
4121 4050
4122 4050
4123 4050
4124 4050
4125 4050
4126 4050
4127 4050
4128 4050
4129 4050
4130 4050
4131 4050
4132 4050
4133 4050
4134 4050
4135 4050
4136 4050
4137 4050
4138 4050
4139 4050
4140 4050
4141 4050
4142 4050
4143 4050
4144 4050
4145 4050
4146 4050
4147 4050
4148 4050
4149 4050
4150 4050
4151 3977
4152 3977
4153 3977
4154 3977
4155 3977
4156 4050
4157 4050
4158 4050
4159 4050
4160 3977
4161 4050
4162 4050
4163 3977
4164 3977
4165 3977
4166 3977
4167 3977
4168 3977
4169 3977
4170 3977
4171 3977
4172 3977
4173 3977
4174 4050
4175 4050
4176 3977
4177 3977
4178 4050
4179 3977
4180 4050
4181 3977
4182 4050
4183 4050
4184 4050
4185 3977
4186 4050
4187 3977
4188 3977
4189 4050
4190 4050
4191 3977
4192 3977
4193 4050
4194 3977
4195 3977
4196 3977
4197 3977
4198 3977
4199 4050
4200 3977
4201 3977
4202 3977
4203 4050
4204 3977
4205 3977
4206 3977
4207 4050
4208 3977
4209 3977
4210 3977
4211 3977
4212 3977
4213 3977
4214 3977
4215 3977
4216 3977
4217 3977
4218 3977
4219 3977
4220 3977
4221 3977
4222 3977
4223 3977
4224 3977
4225 3977
4226 3977
4227 3977
4228 3977
4229 3977
4230 3977
4231 3977
4232 3977
4233 3977
4234 3977
4235 3977
4236 3977
4237 3977
4238 3977
4239 3977
4240 3977
4241 3977
4242 3977
4243 3977
4244 3977
4245 3977
4246 3977
4247 3977
4248 3977
4249 3977
4250 3977
4251 3977
4252 3977
4253 3977
4254 3977
4255 3977
4256 3977
4257 3977
4258 3977
4259 3977
4260 3977
4261 3977
4262 3977
4263 3977
4264 3977
4265 3977
4266 3977
4267 3977
4268 3977
4269 3977
4270 3977
4271 3977
4272 3977
4273 3977
4274 3977
4275 3977
4276 3977
4277 3977
4278 3977
4279 3977
4280 3977
4281 3977
4282 3977
4283 3977
4284 3977
4285 3977
4286 4286
4287 4287
4288 4288
4289 4286
4290 4288
4291 4286
4292 4286
4293 4286
4294 4287
4295 4286
4296 4286
4297 4286
4298 4286
4299 3977
4300 4286
4301 4288
4302 4287
4303 4287
4304 4286
4305 4286
4306 4286
4307 3977
4308 4286
4309 4287
4310 4286
4311 4287
4312 4287
4313 4288
4314 4286
4315 4286
4316 4288
4317 4287
4318 4287
4319 4286
4320 4287
4321 3977
4322 4286
4323 4287
4324 4286
4325 4288
4326 4288
4327 4288
4328 4288
4329 4288
4330 4288
4331 4288
4332 4288
4333 4288
4334 4288
4335 4288
4336 4288
4337 4288
4338 4288
4339 4288
4340 4288
4341 4288
4342 4288
4343 4288
4344 4288
4345 4288
4346 4288
4347 4288
4348 4288
4349 4288
4350 4288
4351 4288
4352 4288
4353 4288
4354 4288
4355 4288
4356 4288
4357 4288
4358 4288
4359 4288
4360 4288
4361 4288
4362 4288
4363 4288
4364 4288
4365 4288
4366 4288
4367 4288
4368 4288
4369 4288
4370 4288
4371 4288
4372 4288
4373 4288
4374 4288
4375 4288
4376 4288
4377 4288
4378 4288
4379 4288
4380 4288
4381 3977
4382 4288
4383 4288
4384 4288
4385 4288
4386 4288
4387 4288
4388 4288
4389 4288
4390 4288
4391 4288
4392 4288
4393 4288
4394 4288
4395 4288
4396 4288
4397 4288
4398 4288
4399 4288
4400 4288
4401 4288
4402 4288
4403 4288
4404 4288
4405 4288
4406 4288
4407 3984
4408 4288
4409 4288
4410 4288
4411 3984
4412 3984
4413 4288
4414 3984
4415 4288
4416 4288
4417 3984
4418 3984
4419 3984
4420 3984
4421 3984
4422 3984
4423 4288
4424 4288
4425 3984
4426 4288
4427 3984
4428 4288
4429 3984
4430 3984
4431 3984
4432 3984
4433 4288
4434 3984
4435 3984
4436 3984
4437 3984
4438 3984
4439 4288
4440 4288
4441 3984
4442 3984
4443 3984
4444 3984
4445 3984
4446 3984
4447 3984
4448 3984
4449 3984
4450 3984
4451 3984
4452 3984
4453 3984
4454 3984
4455 3984
4456 3984
4457 3984
4458 3984
4459 3984
4460 3984
4461 3984
4462 3984
4463 3984
4464 3984
4465 3984
4466 3984
4467 3984
4468 3984
4469 3984
4470 3984
4471 3984
4472 3984
4473 3984
4474 3984
4475 3984
4476 3984
4477 3984
4478 3984
4479 3984
4480 3984
4481 3984
4482 3984
4483 3984
4484 3017
4485 3017
4486 3984
4487 3984
4488 3984
4489 3984
4490 3017
4491 3017
4492 3017
4493 3017
4494 3984
4495 3017
4496 3984
4497 3984
4498 3017
4499 3984
4500 3984
4501 3984
4502 3984
4503 3984
4504 3017
4505 3984
4506 3984
4507 3017
4508 3017
4509 3017
4510 3017
4511 3984
4512 3017
4513 3017
4514 3017
4515 3017
4516 3017
4517 3017
4518 3017
4519 3017
4520 3017
4521 3017
4522 3017
4523 3984
4524 3017
4525 3017
4526 3984
4527 3984
4528 3984
4529 3984
4530 3984
4531 3984
4532 3984
4533 3017
4534 3017
4535 3017
4536 3984
4537 3017
4538 3984
4539 3984
4540 3984
4541 3984
4542 3984
4543 3984
4544 3984
4545 3984
4546 3017
4547 4288
4548 4288
4549 4288
4550 3017
4551 4288
4552 4288
4553 4288
4554 4288
4555 4288
4556 4288
4557 4288
4558 4288
4559 4288
4560 4288
4561 4288
4562 4288
4563 4288
4564 4288
4565 4288
4566 4288
4567 4288
4568 4288
4569 4288
4570 4288
4571 4288
4572 4288
4573 4288
4574 4288
4575 1181
4576 1181
4577 1181
4578 1181
4579 1181
4580 1181
4581 1181
4582 1181
4583 1181
4584 1181
4585 1181
4586 1181
4587 1181
4588 1181
4589 1181
4590 1181
4591 1181
4592 1181
4593 1181
4594 1181
4595 1181
4596 1181
4597 1181
4598 1181
4599 1181
4600 1181
4601 1181
4602 1181
4603 1181
4604 1181
4605 1181
4606 1181
4607 1181
4608 1181
4609 1181
4610 1181
4611 1181
4612 4612
4613 1181
4614 1181
4615 1181
4616 1181
4617 1181
4618 1181
4619 1181
4620 1181
4621 1181
4622 3345
4623 4612
4624 1181
4625 1181
4626 1181
4627 1181
4628 1181
4629 1181
4630 1181
4631 1181
4632 1181
4633 1181
4634 1181
4635 1181
4636 1181
4637 1181
4638 1181
4639 1181
4640 1181
4641 1181
4642 1181
4643 1181
4644 1181
4645 1181
4646 1181
4647 1181
4648 1181
4649 1181
4650 1181
4651 1181
4652 1181
4653 1181
4654 1181
4655 1181
4656 1181
4657 1181
4658 1181
4659 1181
4660 1181
4661 1181
4662 1181
4663 1181
4664 1181
4665 1181
4666 1181
4667 1181
4668 1181
4669 1181
4670 1181
4671 1181
4672 1181
4673 1181
4674 1181
4675 1181
4676 1181
4677 1181
4678 1181
4679 1181
4680 1181
4681 1181
4682 1181
4683 1181
4684 1181
4685 1181
4686 1181
4687 1181
4688 1181
4689 1181
4690 1181
4691 1181
4692 1181
4693 1181
4694 1181
4695 1181
4696 1181
4697 1181
4698 1181
4699 1181
4700 1181
4701 1181
4702 1181
4703 1181
4704 1181
4705 1181
4706 1181
4707 1181
4708 1181
4709 1181
4710 1181
4711 1181
4712 1181
4713 1181
4714 1181
4715 1181
4716 1181
4717 1181
4718 1181
4719 1181
4720 1181
4721 1181
4722 1181
4723 1181
4724 1181
4725 1181
4726 1181
4727 1181
4728 1181
4729 1181
4730 1181
4731 1181
4732 1181
4733 1181
4734 1181
4735 1181
4736 1181
4737 1181
4738 1181
4739 1181
4740 1181
4741 1181
4742 1181
4743 1181
4744 1181
4745 1181
4746 1181
4747 1181
4748 1181
4749 1181
4750 1181
4751 1181
4752 1181
4753 1181
4754 1181
4755 1181
4756 1181
4757 1181
4758 3349
4759 3349
4760 3349
4761 3349
4762 3349
4763 3349
4764 3349
4765 3349
4766 3349
4767 3349
4768 3349
4769 3349
4770 3349
4771 3349
4772 3349
4773 3349
4774 3349
4775 3349
4776 3349
4777 3349
4778 3349
4779 3349
4780 3349
4781 3349
4782 3349
4783 3349
4784 3349
4785 3349
4786 3349
4787 3349
4788 3349
4789 3349
4790 3349
4791 3345
4792 3349
4793 3349
4794 3349
4795 3345
4796 3349
4797 3349
4798 3349
4799 3345
4800 3349
4801 3345
4802 3349
4803 3349
4804 3349
4805 3349
4806 3349
4807 3349
4808 3349
4809 3349
4810 3345
4811 3345
4812 3349
4813 3349
4814 3349
4815 3349
4816 3349
4817 3349
4818 3349
4819 3345
4820 3349
4821 3349
4822 4612
4823 3345
4824 3349
4825 3349
4826 3349
4827 3349
4828 3349
4829 3345
4830 4612
4831 3349
4832 3349
4833 3349
4834 3349
4835 3349
4836 3349
4837 3349
4838 3345
4839 3349
4840 3345
4841 3349
4842 3345
4843 3349
4844 3349
4845 3349
4846 3345
4847 3349
4848 3349
4849 3349
4850 3349
4851 3349
4852 3349
4853 3349
4854 3349
4855 3349
4856 3349
4857 3349
4858 3349
4859 3349
4860 3349
4861 3349
4862 3349
4863 3349
4864 3349
4865 3349
4866 3349
4867 3349
4868 3349
4869 3349
4870 3349
4871 3349
4872 3349
4873 3349
4874 3349
4875 1181
4876 3349
4877 3349
4878 3349
4879 3349
4880 3349
4881 2001
4882 2001
4883 2001
4884 2001
4885 2001
4886 2001
4887 2001
4888 2001
4889 2001
4890 2001
4891 2001
4892 2001
4893 2001
4894 2001
4895 2001
4896 2001
4897 2001
4898 2001
4899 2001
4900 2001
4901 2001
4902 2001
4903 2001
4904 2001
4905 2001
4906 2001
4907 2001
4908 2001
4909 2001
4910 2001
4911 2001
4912 2348
4913 2348
4914 2348
4915 2348
4916 2348
4917 2348
4918 2348
4919 2348
4920 2348
4921 2348
4922 2348
4923 1878
4924 2348
4925 2348
4926 2348
4927 2348
4928 2348
4929 2348
4930 2348
4931 2348
4932 2348
4933 2348
4934 2348
4935 2348
4936 2348
4937 2001
4938 2348
4939 2348
4940 2348
4941 2348
4942 2348
4943 2348
4944 2348
4945 2348
4946 2001
4947 2348
4948 2348
4949 2348
4950 2348
4951 2348
4952 2348
4953 2348
4954 2348
4955 2348
4956 2348
4957 2348
4958 2348
4959 2001
4960 2001
4961 2001
4962 2001
4963 2001
4964 2001
4965 2001
4966 2001
4967 2001
4968 2001
4969 2001
4970 2001
4971 2001
4972 2001
4973 2001
4974 2001
4975 2001
4976 2001
4977 2001
4978 1810
4979 1810
4980 1810
4981 1810
4982 1810
4983 1810
4984 1810
4985 1810
4986 2348
4987 1810
4988 1810
4989 1878
4990 1810
4991 1878
4992 1878
4993 1810
4994 2001
4995 1810
4996 1810
4997 1810
4998 2348
4999 1810
5000 1810
5001 1810
5002 1810
5003 2348
5004 1810
5005 1810
5006 1878
5007 1810
5008 1810
5009 1810
5010 1810
5011 1810
5012 1810
5013 1810
5014 1810
5015 1810
5016 2001
5017 2001
5018 2001
5019 2001
5020 2001
5021 2001
5022 2001
5023 2001
5024 2001
5025 2001
5026 2001
5027 2001
5028 2001
5029 2001
5030 2001
5031 2001
5032 2001
5033 2001
5034 2001
5035 1878
5036 2001
5037 2001
5038 2001
5039 2001
5040 2001
5041 2001
5042 2001
5043 2001
5044 3017
5045 3017
5046 3017
5047 3017
5048 3017
5049 3017
5050 3017
5051 3017
5052 3017
5053 3017
5054 3017
5055 3017
5056 3017
5057 3017
5058 3017
5059 3017
5060 3017
5061 3017
5062 3017
5063 3017
5064 3017
5065 3017
5066 3017
5067 3017
5068 3017
5069 3017
5070 3017
5071 3017
5072 3017
5073 3017
5074 3017
5075 3017
5076 3017
5077 3017
5078 3017
5079 3017
5080 3017
5081 3017
5082 3017
5083 3017
5084 3017
5085 3017
5086 3017
5087 3017
5088 3017
5089 3017
5090 3017
5091 3017
5092 3017
5093 3017
5094 3017
5095 3017
5096 3017
5097 3017
5098 3017
5099 3017
5100 3017
5101 3017
5102 3017
5103 3017
5104 3017
5105 3017
5106 3017
5107 3017
5108 3017
5109 3017
5110 3017
5111 3017
5112 3017
5113 3017
5114 3017
5115 3017
5116 3017
5117 3017
5118 3017
5119 3017
5120 3017
5121 3017
5122 3017
5123 3017
5124 3017
5125 3017
5126 3017
5127 3017
5128 3017
5129 3017
5130 3017
5131 3017
5132 3017
5133 3017
5134 3017
5135 3017
5136 3017
5137 3017
5138 3017
5139 3017
5140 3017
5141 3017
5142 3017
5143 3017
5144 3017
5145 3017
5146 3017
5147 3017
5148 3017
5149 3017
5150 3017
5151 3017
5152 3017
5153 3017
5154 3017
5155 3017
5156 3017
5157 3017
5158 3017
5159 3017
5160 3017
5161 3017
5162 3017
5163 3017
5164 3017
5165 3017
5166 3017
5167 3017
5168 3017
5169 5169
5170 5169
5171 5169
5172 5169
5173 5169
5174 5169
5175 5169
5176 5169
5177 5169
5178 5169
5179 5169
5180 5169
5181 5169
5182 5169
5183 5169
5184 5169
5185 5169
5186 5169
5187 5169
5188 5169
5189 5169
5190 5169
5191 5169
5192 5169
5193 5169
5194 5169
5195 5169
5196 5169
5197 5169
5198 5169
5199 5169
5200 5169
5201 1810
5202 1810
5203 1810
5204 1810
5205 1810
5206 1810
5207 1810
5208 1810
5209 1810
5210 1810
5211 1810
5212 1810
5213 5169
5214 5169
5215 5169
5216 5169
5217 5169
5218 5169
5219 5169
5220 5169
5221 5169
5222 5169
5223 5169
5224 5169
5225 5169
5226 5169
5227 5169
5228 5169
5229 5169
5230 5169
5231 5169
5232 5169
5233 5169
5234 5169
5235 5169
5236 5169
5237 1810
5238 5169
5239 5169
5240 5169
5241 5169
5242 5169
5243 5169
5244 5169
5245 5169
5246 5169
5247 5169
5248 1810
5249 5169
5250 5169
5251 1810
5252 5169
5253 1810
5254 5169
5255 5169
5256 1810
5257 5169
5258 5169
5259 5169
5260 5169
5261 5169
5262 5169
5263 5169
5264 5169
5265 5169
5266 5169
5267 5169
5268 5169
5269 5169
5270 5169
5271 1810
5272 5169
5273 5169
5274 5169
5275 5169
5276 5169
5277 5169
5278 1810
5279 5169
5280 5169
5281 5169
5282 5169
5283 5169
5284 5169
5285 5169
5286 5169
5287 5169
5288 5169
5289 5169
5290 1810
5291 1810
5292 1810
5293 1810
5294 1810
5295 1810
5296 1810
5297 1810
5298 1810
5299 1810
5300 1810
5301 1810
5302 1810
5303 1810
5304 1810
5305 1810
5306 1810
5307 1810
5308 1810
5309 1810
5310 1810
5311 1810
5312 1810
5313 1810
5314 1810
5315 1810
5316 1810
5317 1810
5318 1810
5319 1810
5320 1810
5321 1810
5322 1810
5323 1810
5324 1810
5325 1810
5326 1810
5327 1810
5328 1810
5329 1810
5330 1810
5331 1810
5332 1810
5333 1810
5334 1810
5335 1810
5336 1810
5337 1855
5338 1855
5339 2942
5340 2942
5341 2942
5342 2942
5343 2942
5344 1855
5345 2942
5346 1855
5347 2942
5348 2942
5349 2942
5350 2942
5351 2942
5352 2942
5353 1855
5354 2942
5355 2942
5356 1855
5357 2942
5358 1855
5359 1855
5360 1855
5361 1855
5362 1855
5363 1855
5364 1855
5365 1855
5366 1855
5367 1855
5368 1855
5369 1855
5370 1855
5371 1855
5372 1855
5373 1855
5374 1855
5375 1855
5376 1855
5377 1855
5378 1855
5379 1855
5380 1855
5381 1855
5382 1855
5383 1855
5384 1855
5385 1855
5386 1855
5387 1855
5388 1855
5389 1855
5390 1855
5391 1855
5392 1855
5393 1855
5394 1855
5395 1855
5396 1855
5397 1855
5398 1855
5399 2942
5400 2942
5401 1855
5402 1855
5403 2942
5404 1855
5405 1855
5406 1855
5407 2942
5408 1855
5409 1855
5410 2348
5411 1855
5412 1855
5413 2942
5414 1855
5415 1855
5416 1855
5417 1855
5418 1855
5419 2348
5420 1855
5421 1855
5422 1855
5423 1855
5424 2942
5425 2942
5426 2942
5427 2942
5428 2942
5429 2942
5430 2942
5431 2942
5432 2942
5433 2942
5434 2942
5435 2942
5436 2942
5437 2942
5438 2942
5439 2942
5440 2942
5441 2942
5442 2942
5443 2942
5444 2942
5445 2942
5446 1810
5447 1810
5448 1855
5449 1855
5450 1810
5451 1810
5452 1855
5453 1855
5454 1810
5455 1810
5456 1810
5457 1810
5458 1810
5459 1855
5460 1810
5461 1855
5462 1810
5463 1810
5464 1810
5465 1810
5466 1810
5467 1810
5468 1810
5469 1855
5470 1855
5471 1810
5472 1810
5473 1810
5474 1855
5475 1855
5476 1855
5477 1855
5478 1855
5479 1855
5480 1855
5481 1855
5482 1855
5483 1855
5484 1855
5485 1855
5486 1855
5487 1855
5488 1855
5489 1855
5490 1855
5491 1855
5492 1855
5493 1855
5494 1855
5495 1855
5496 1855
5497 1855
5498 1855
5499 2942
5500 2348
5501 2942
5502 2348
5503 2348
5504 2348
5505 2348
5506 2942
5507 2348
5508 2348
5509 2348
5510 2942
5511 2348
5512 2942
5513 2348
5514 2942
5515 2348
5516 3017
5517 3017
5518 3017
5519 3017
5520 3017
5521 3017
5522 3017
5523 3017
5524 3017
5525 3017
5526 3017
5527 3017
5528 3017
5529 3017
5530 3017
5531 3017
5532 3017
5533 3017
5534 3017
5535 3017
5536 3017
5537 3017
5538 3017
5539 3017
5540 3017
5541 3017
5542 3017
5543 3017
5544 3017
5545 3017
5546 3017
5547 3017
5548 3017
5549 3017
5550 3017
5551 3017
5552 3017
5553 3017
5554 3017
5555 3017
5556 3017
5557 3017
5558 3017
5559 3017
5560 3017
5561 3017
5562 3017
5563 3017
5564 3017
5565 3017
5566 3017
5567 3017
5568 3017
5569 3017
5570 3017
5571 3017
5572 3017
5573 3017
5574 3017
5575 3017
5576 3017
5577 3017
5578 3017
5579 3017
5580 3017
5581 3017
5582 3017
5583 3017
5584 3017
5585 3017
5586 3017
5587 3017
5588 3017
5589 3017
5590 3017
5591 3017
5592 3017
5593 3017
5594 3017
5595 3017
5596 3017
5597 3017
5598 3017
5599 3017
5600 3017
5601 3017
5602 3017
5603 3017
5604 3017
5605 3017
5606 3017
5607 3017
5608 3017
5609 3017
5610 3017
5611 3017
5612 3017
5613 3017
5614 3017
5615 3017
5616 3017
5617 3017
5618 3017
5619 3017
5620 3017
5621 3017
5622 3017
5623 3017
5624 3017
5625 3017
5626 3017
5627 3017
5628 3017
5629 3017
5630 3017
5631 3017
5632 3017
5633 3017
5634 3017
5635 3017
5636 3017
5637 3017
5638 3017
5639 3017
5640 3017
5641 3017
5642 3017
5643 3017
5644 3017
5645 3017
5646 3017
5647 3017
5648 3017
5649 3017
5650 3017
5651 3017
5652 3017
5653 3017
5654 3017
5655 3017
5656 3017
5657 3017
5658 3017
5659 3017
5660 3017
5661 3017
5662 3017
5663 3017
5664 3017
5665 3017
5666 3017
5667 3017
5668 3017
5669 3017
5670 3017
5671 3017
5672 3017
5673 3017
5674 3017
5675 3017
5676 3017
5677 3017
5678 3017
5679 3017
5680 3017
5681 3017
5682 3017
5683 3017
5684 3017
5685 3017
5686 3017
5687 3017
5688 3017
5689 3017
5690 3017
5691 3017
5692 3017
5693 3017
5694 3017
5695 3017
5696 3017
5697 3017
5698 3017
5699 3017
5700 3017
5701 3017
5702 3017
5703 3017
5704 3017
5705 3017
5706 3017
5707 3017
5708 3017
5709 3017
5710 3017
5711 3017
5712 3017
5713 3017
5714 3017
5715 3017
5716 3017
5717 3017
5718 3017
5719 3017
5720 3017
5721 3017
5722 3017
5723 3017
5724 3017
5725 3017
5726 3017
5727 3017
5728 3017
5729 3017
5730 3017
5731 3017
5732 3017
5733 3017
5734 3017
5735 3017
5736 3017
5737 3017
5738 3017
5739 3017
5740 3017
5741 3017
5742 3017
5743 3017
5744 3017
5745 3017
5746 3017
5747 3017
5748 3017
5749 3017
5750 3017
5751 3017
5752 3017
5753 3017
5754 3017
5755 3017
5756 3017
5757 3017
5758 3017
5759 3017
5760 3017
5761 3017
5762 3017
5763 3017
5764 3017
5765 3017
5766 3017
5767 3017
5768 3017
5769 3017
5770 3017
5771 3017
5772 3017
5773 3017
5774 3017
5775 3017
5776 3017
5777 3017
5778 3017
5779 3017
5780 3017
5781 3017
5782 3017
5783 3017
5784 3017
5785 3017
5786 3017
5787 3017
5788 3017
5789 3017
5790 3017
5791 3017
5792 3017
5793 3017
5794 3017
5795 3017
5796 3017
5797 3017
5798 3017
5799 3017
5800 3017
5801 3017
5802 3017
5803 3017
5804 3017
5805 3017
5806 3017
5807 3017
5808 3017
5809 3017
5810 3017
5811 3017
5812 3017
5813 3017
5814 3017
5815 3017
5816 3017
5817 3017
5818 3017
5819 3017
5820 3017
5821 3017
5822 3017
5823 3017
5824 3017
5825 3017
5826 3017
5827 3017
5828 3017
5829 3017
5830 3017
5831 3017
5832 3017
5833 3017
5834 3017
5835 3017
5836 3017
5837 3017
5838 3017
5839 3017
5840 3017
5841 3017
5842 2235
5843 2235
5844 2235
5845 2235
5846 2235
5847 2235
5848 2235
5849 2235
5850 2235
5851 2235
5852 2235
5853 2235
5854 2235
5855 2235
5856 2235
5857 2235
5858 2235
5859 2235
5860 2235
5861 2235
5862 2235
5863 2235
5864 2235
5865 2235
5866 2235
5867 2235
5868 2636
5869 2235
5870 2235
5871 2235
5872 2235
5873 2636
5874 2235
5875 2636
5876 2235
5877 2235
5878 2235
5879 2235
5880 2636
5881 2636
5882 2636
5883 2636
5884 2636
5885 2636
5886 2636
5887 2636
5888 2636
5889 2636
5890 2636
5891 2636
5892 2636
5893 2636
5894 2636
5895 2636
5896 2636
5897 2636
5898 2636
5899 2636
5900 2636
5901 2636
5902 2636
5903 2636
5904 2636
5905 2636
5906 2636
5907 2636
5908 2636
5909 2636
5910 2636
5911 2636
5912 2636
5913 2636
5914 2636
5915 2636
5916 2636
5917 2235
5918 2636
5919 2636
5920 2636
5921 2636
5922 2636
5923 2636
5924 2636
5925 2636
5926 2636
5927 2636
5928 2636
5929 2636
5930 2636
5931 2636
5932 2636
5933 2636
5934 2636
5935 2636
5936 2636
5937 2636
5938 2636
5939 2636
5940 2636
5941 2636
5942 2636
5943 2636
5944 2636
5945 2636
5946 2636
5947 2636
5948 2636
5949 2636
5950 2636
5951 2636
5952 2636
5953 2636
5954 2636
5955 2636
5956 2636
5957 2636
5958 2636
5959 2636
5960 2636
5961 2636
5962 2636
5963 2636
5964 2636
5965 2636
5966 2636
5967 2636
5968 2636
5969 2636
5970 2636
5971 2636
5972 2636
5973 2636
5974 2636
5975 2636
5976 2636
5977 1313
5978 1313
5979 1313
5980 1313
5981 1313
5982 1313
5983 1313
5984 1313
5985 1313
5986 1313
5987 1313
5988 1313
5989 1313
5990 1313
5991 1313
5992 1313
5993 1313
5994 1313
5995 1313
5996 1313
5997 1313
5998 1313
5999 1313
6000 1313
6001 1313
6002 1313
6003 1313
6004 1313
6005 1313
6006 1313
6007 1313
6008 1313
6009 1313
6010 1313
6011 1313
6012 1313
6013 1313
6014 1313
6015 1313
6016 1313
6017 1313
6018 1313
6019 1313
6020 1313
6021 1313
6022 1313
6023 1313
6024 1313
6025 1313
6026 1313
6027 1313
6028 1313
6029 1313
6030 1313
6031 1313
6032 1313
6033 1313
6034 1313
6035 1313
6036 1313
6037 1313
6038 1313
6039 1313
6040 1313
6041 1313
6042 1313
6043 1313
6044 1313
6045 1313
6046 1313
6047 1313
6048 1313
6049 1313
6050 1313
6051 1313
6052 1313
6053 1313
6054 1313
6055 1313
6056 1313
6057 1313
6058 1313
6059 1313
6060 1313
6061 1313
6062 1313
6063 1313
6064 1313
6065 1313
6066 1313
6067 1313
6068 1313
6069 1313
6070 1313
6071 1313
6072 1313
6073 1313
6074 1313
6075 1313
6076 1313
6077 1313
6078 1178
6079 1178
6080 1178
6081 1178
6082 1178
6083 1178
6084 1178
6085 1178
6086 1178
6087 1178
6088 1178
6089 1178
6090 1178
6091 1178
6092 1178
6093 1178
6094 1178
6095 1178
6096 1178
6097 1178
6098 1178
6099 1178
6100 1178
6101 1178
6102 3349
6103 1178
6104 1178
6105 1178
6106 1178
6107 1178
6108 1178
6109 1178
6110 1178
6111 1178
6112 1178
6113 1178
6114 1178
6115 1178
6116 1178
6117 1178
6118 1178
6119 1178
6120 1178
6121 1178
6122 1178
6123 1178
6124 1178
6125 1178
6126 1178
6127 1178
6128 1178
6129 1178
6130 1178
6131 1178
6132 1178
6133 1178
6134 1178
6135 1178
6136 1178
6137 1178
6138 1178
6139 1178
6140 1178
6141 1178
6142 1178
6143 1178
6144 1178
6145 1178
6146 1178
6147 1178
6148 1178
6149 1178
6150 1178
6151 1178
6152 1178
6153 1178
6154 1178
6155 1178
6156 1178
6157 1178
6158 1178
6159 1178
6160 1178
6161 1178
6162 1178
6163 1178
6164 1178
6165 1178
6166 1178
6167 1178
6168 1178
6169 1178
6170 1178
6171 1178
6172 1178
6173 1178
6174 1178
6175 1178
6176 1178
6177 1178
6178 1178
6179 1178
6180 1178
6181 1178
6182 1178
6183 1178
6184 1178
6185 1178
6186 1178
6187 1178
6188 1178
6189 1178
6190 1178
6191 1178
6192 1178
6193 1178
6194 1178
6195 1178
6196 1178
6197 1178
6198 1178
6199 1178
6200 1178
6201 1178
6202 1178
6203 1178
6204 1178
6205 1191
6206 1191
6207 1178
6208 1178
6209 1178
6210 1178
6211 1178
6212 1191
6213 1178
6214 1178
6215 1178
6216 1178
6217 1178
6218 1191
6219 1178
6220 1191
6221 1178
6222 1178
6223 1178
6224 1178
6225 1178
6226 1178
6227 1178
6228 1178
6229 1178
6230 1178
6231 1178
6232 1191
6233 1191
6234 1191
6235 1178
6236 1178
6237 1178
6238 1178
6239 1178
6240 1178
6241 1178
6242 1178
6243 1178
6244 1178
6245 1178
6246 1178
6247 1178
6248 1178
6249 1178
6250 1178
6251 1178
6252 1178
6253 1178
6254 1178
6255 1178
6256 1178
6257 1178
6258 1178
6259 1178
6260 1178
6261 1178
6262 1178
6263 1178
6264 1178
6265 1178
6266 1178
6267 1178
6268 1178
6269 1178
6270 1178
6271 1178
6272 1178
6273 1178
6274 1178
6275 1178
6276 1178
6277 1178
6278 1178
6279 1178
6280 1178
6281 1178
6282 1178
6283 1178
6284 1178
6285 1178
6286 1178
6287 1178
6288 1178
6289 1178
6290 1178
6291 1178
6292 1178
6293 1178
6294 1178
6295 1178
6296 3977
6297 1178
6298 1178
6299 1178
6300 1178
6301 1178
6302 1178
6303 1178
6304 1178
6305 1178
6306 1178
6307 1178
6308 1178
6309 1178
6310 1178
6311 1178
6312 1178
6313 1178
6314 1178
6315 1178
6316 1178
6317 1178
6318 3349
6319 1178
6320 1178
6321 1178
6322 1178
6323 1178
6324 1178
6325 1178
6326 1178
6327 1178
6328 3349
6329 1178
6330 3349
6331 3349
6332 3349
6333 1178
6334 1178
6335 1178
6336 1178
6337 1178
6338 1178
6339 3349
6340 1178
6341 1178
6342 1178
6343 3349
6344 3349
6345 3017
6346 3017
6347 3017
6348 3017
6349 3017
6350 3017
6351 3017
6352 3017
6353 3017
6354 3017
6355 3017
6356 3017
6357 3017
6358 3017
6359 3017
6360 3017
6361 3017
6362 3017
6363 3017
6364 3017
6365 3017
6366 3017
6367 3017
6368 3017
6369 3017
6370 3017
6371 3017
6372 3017
6373 3017
6374 3017
6375 3017
6376 3017
6377 3017
6378 3017
6379 3017
6380 3017
6381 3017
6382 3017
6383 3017
6384 3017
6385 3017
6386 3017
6387 3017
6388 3017
6389 3017
6390 3017
6391 3017
6392 3017
6393 3017
6394 3017
6395 3017
6396 3017
6397 3017
6398 3017
6399 3017
6400 3017
6401 3017
6402 3017
6403 3017
6404 3017
6405 3017
6406 3017
6407 3017
6408 3017
6409 3017
6410 3017
6411 3017
6412 3017
6413 3017
6414 3017
6415 3017
6416 3017
6417 3017
6418 3017
6419 3017
6420 3017
6421 3017
6422 3017
6423 3017
6424 3017
6425 3017
6426 3017
6427 3017
6428 3017
6429 3017
6430 3017
6431 3017
6432 3017
6433 3017
6434 3017
6435 3017
6436 3017
6437 3017
6438 3017
6439 3017
6440 3017
6441 3017
6442 3017
6443 3017
6444 3017
6445 3017
6446 3017
6447 3017
6448 3017
6449 3017
6450 3017
6451 3017
6452 3017
6453 3017
6454 3017
6455 3017
6456 3017
6457 3017
6458 3017
6459 3017
6460 3017
6461 3017
6462 3017
6463 3017
6464 3017
6465 3017
6466 3017
6467 3017
6468 3017
6469 3017
6470 3017
6471 3017
6472 3017
6473 3017
6474 3017
6475 3017
6476 3017
6477 3017
6478 3017
6479 3017
6480 3017
6481 3017
6482 3017
6483 3017
6484 3017
6485 3017
6486 3017
6487 1181
6488 1181
6489 1181
6490 1181
6491 1181
6492 1181
6493 1181
6494 1181
6495 1181
6496 1181
6497 1181
6498 1181
6499 1181
6500 1181
6501 1181
6502 1181
6503 1181
6504 1181
6505 1181
6506 1181
6507 1181
6508 1181
6509 1181
6510 1181
6511 1181
6512 1181
6513 1181
6514 1181
6515 1181
6516 1181
6517 1181
6518 1181
6519 1181
6520 1181
6521 1181
6522 1181
6523 1181
6524 1181
6525 3477
6526 1181
6527 3477
6528 1181
6529 3477
6530 1181
6531 1181
6532 1181
6533 3477
6534 3477
6535 3477
6536 3477
6537 3477
6538 1181
6539 1181
6540 3477
6541 3477
6542 3477
6543 3477
6544 3477
6545 3477
6546 1181
6547 3477
6548 1181
6549 1181
6550 1181
6551 1181
6552 1181
6553 1181
6554 1181
6555 3477
6556 3477
6557 3477
6558 3477
6559 3477
6560 3477
6561 3477
6562 3477
6563 3477
6564 3477
6565 3477
6566 3477
6567 3477
6568 3477
6569 3477
6570 3477
6571 3477
6572 3477
6573 3477
6574 3477
6575 3477
6576 3477
6577 3477
6578 3477
6579 3477
6580 3477
6581 3477
6582 3477
6583 3477
6584 3477
6585 3477
6586 3477
6587 3477
6588 3477
6589 3477
6590 3477
6591 3477
6592 3477
6593 3477
6594 3477
6595 3477
6596 3477
6597 3477
6598 3477
6599 3477
6600 3477
6601 3477
6602 3477
6603 3477
6604 3477
6605 3477
6606 1181
6607 1181
6608 1181
6609 1181
6610 1181
6611 1181
6612 1181
6613 1181
6614 1181
6615 1181
6616 1181
6617 1181
6618 1181
6619 1181
6620 1181
6621 1181
6622 1181
6623 1181
6624 3477
6625 3477
6626 3477
6627 3477
6628 3477
6629 3477
6630 3477
6631 3477
6632 3477
6633 3477
6634 3477
6635 3477
6636 3477
6637 3477
6638 3477
6639 3017
6640 3017
6641 3017
6642 3017
6643 3017
6644 3017
6645 3017
6646 3017
6647 3017
6648 3017
6649 3017
6650 3017
6651 3017
6652 3017
6653 3017
6654 3017
6655 3477
6656 3017
6657 3477
6658 3017
6659 3017
6660 3477
6661 3017
6662 3017
6663 3017
6664 3017
6665 3017
6666 3017
6667 3477
6668 3017
6669 3477
6670 3017
6671 3477
6672 1181
6673 1181
6674 1181
6675 1181
6676 1181
6677 1181
6678 1181
6679 1181
6680 1181
6681 1181
6682 1181
6683 1181
6684 1181
6685 1181
6686 3477
6687 3477
6688 3477
6689 3017
6690 3477
6691 3477
6692 3477
6693 3477
6694 3477
6695 3477
6696 3477
6697 3477
6698 3477
6699 3477
6700 3477
6701 3477
6702 3477
6703 3017
6704 3477
6705 3477
6706 3477
6707 3477
6708 3477
6709 3477
6710 3477
6711 3477
6712 3477
6713 3477
6714 3477
6715 3477
6716 3477
6717 3477
6718 3477
6719 3477
6720 3477
6721 3477
6722 3477
6723 3477
6724 3477
6725 3477
6726 3477
6727 3477
6728 3477
6729 3477
6730 3477
6731 3477
6732 3477
6733 3477
6734 3477
6735 3477
6736 1177
6737 1177
6738 1191
6739 1177
6740 1177
6741 1177
6742 1191
6743 1178
6744 1177
6745 1178
6746 1177
6747 1178
6748 1177
6749 1181
6750 1181
6751 1181
6752 1181
6753 1181
6754 1181
6755 1181
6756 1181
6757 1181
6758 1181
6759 1181
6760 1181
6761 1181
6762 1181
6763 1181
6764 1181
6765 1181
6766 1181
6767 1181
6768 1181
6769 1181
6770 1181
6771 1181
6772 1181
6773 1181
6774 1181
6775 1181
6776 1178
6777 1178
6778 1178
6779 1178
6780 1178
6781 1181
6782 1181
6783 1181
6784 1178
6785 1181
6786 1181
6787 1178
6788 1181
6789 1181
6790 1181
6791 1181
6792 1178
6793 1181
6794 1181
6795 1178
6796 1181
6797 1178
6798 1178
6799 1181
6800 1181
6801 1178
6802 1181
6803 1181
6804 1178
6805 1181
6806 1181
6807 1181
6808 1181
6809 1181
6810 1181
6811 1181
6812 1181
6813 1181
6814 1181
6815 1181
6816 1181
6817 1181
6818 1181
6819 1181
6820 1181
6821 1181
6822 1181
6823 1181
6824 1181
6825 1181
6826 1181
6827 1181
6828 1181
6829 1181
6830 1181
6831 1181
6832 1181
6833 1181
6834 1181
6835 1181
6836 1181
6837 1181
6838 1181
6839 1181
6840 1181
6841 1181
6842 1181
6843 1181
6844 1181
6845 1181
6846 1181
6847 1181
6848 1181
6849 1181
6850 1181
6851 1181
6852 1181
6853 1181
6854 1181
6855 1181
6856 1181
6857 1181
6858 1181
6859 1181
6860 1181
6861 1181
6862 1181
6863 1181
6864 1181
6865 1181
6866 1181
6867 1181
6868 1181
6869 1181
6870 1181
6871 1181
6872 1181
6873 1181
6874 1181
6875 1181
6876 1181
6877 1181
6878 1181
6879 1181
6880 1181
6881 1181
6882 1181
6883 1181
6884 1181
6885 1181
6886 1181
6887 1181
6888 1181
6889 1181
6890 1181
6891 1181
6892 1181
6893 1181
6894 1181
6895 1181
6896 1181
6897 1181
6898 1181
6899 1181
6900 1181
6901 1181
6902 1181
6903 1181
6904 1181
6905 1181
6906 1181
6907 1181
6908 1181
6909 1181
6910 1181
6911 1181
6912 1181
6913 1181
6914 1181
6915 1181
6916 1181
6917 1181
6918 1181
6919 1181
6920 1181
6921 1181
6922 1177
6923 1181
6924 1181
6925 1181
6926 1181
6927 1181
6928 1181
6929 1224
6930 1224
6931 1224
6932 1224
6933 1224
6934 1224
6935 1224
6936 1224
6937 1224
6938 1224
6939 1224
6940 1224
6941 1224
6942 1224
6943 1224
6944 1224
6945 1224
6946 1224
6947 1224
6948 1224
6949 1224
6950 1224
6951 1224
6952 1224
6953 1224
6954 1224
6955 1224
6956 1224
6957 1224
6958 1224
6959 1224
6960 1224
6961 1224
6962 1224
6963 1224
6964 1224
6965 1224
6966 1224
6967 1224
6968 1224
6969 1224
6970 1224
6971 1224
6972 1224
6973 1224
6974 1224
6975 1224
6976 1224
6977 1224
6978 1224
6979 1224
6980 1224
6981 1224
6982 1224
6983 1224
6984 1224
6985 1224
6986 1224
6987 1224
6988 1224
6989 1224
6990 1224
6991 1224
6992 1177
6993 1224
6994 1224
6995 1224
6996 1224
6997 1224
6998 1224
6999 1224
7000 1224
7001 1224
7002 1224
7003 1224
7004 1224
7005 1224
7006 1224
7007 1224
7008 1224
7009 1224
7010 1224
7011 1224
7012 1224
7013 1224
7014 1224
7015 1224
7016 1224
7017 1224
7018 1224
7019 1224
7020 1224
7021 1224
7022 1224
7023 1224
7024 1224
7025 1224
7026 1224
7027 1224
7028 1224
7029 1224
7030 1224
7031 1224
7032 1224
7033 1224
7034 1224
7035 1224
7036 1224
7037 1224
7038 1224
7039 1224
7040 1224
7041 1224
7042 1224
7043 1224
7044 1224
7045 1224
7046 1224
7047 1224
7048 1224
7049 1224
7050 1224
7051 1224
7052 1224
7053 1224
7054 1224
7055 1224
7056 1224
7057 1224
7058 1224
7059 1224
7060 1224
7061 1224
7062 1224
7063 1224
7064 1224
7065 1224
7066 1224
7067 1224
7068 1224
7069 1224
7070 1224
7071 1224
7072 1313
7073 1224
7074 1224
7075 1313
7076 1313
7077 1224
7078 1224
7079 1224
7080 1224
7081 1224
7082 1224
7083 1224
7084 1224
7085 1224
7086 1224
7087 1224
7088 1224
7089 1224
7090 1224
7091 1224
7092 1224
7093 1224
7094 1224
7095 1224
7096 1224
7097 1224
7098 1224
7099 1224
7100 1224
7101 1224
7102 1224
7103 1224
7104 1224
7105 1224
7106 1224
7107 1224
7108 1224
7109 1224
7110 1224
7111 1224
7112 1224
7113 1224
7114 1224
7115 1224
7116 1224
7117 1224
7118 1224
7119 1224
7120 1224
7121 1224
7122 1224
7123 1224
7124 1224
7125 1224
7126 1224
7127 1224
7128 1224
7129 1224
7130 1224
7131 1224
7132 1224
7133 1224
7134 1224
7135 1224
7136 1224
7137 1224
7138 1224
7139 1224
7140 1224
7141 1224
7142 1224
7143 1224
7144 1224
7145 1224
7146 1224
7147 1224
7148 1224
7149 1224
7150 1224
7151 1224
7152 1224
7153 1224
7154 1224
7155 1224
7156 1224
7157 1224
7158 1224
7159 1224
7160 1224
7161 1224
7162 1224
7163 1224
7164 1224
7165 1224
7166 1224
7167 1224
7168 1224
7169 1224
7170 1224
7171 1224
7172 1224
7173 1224
7174 1224
7175 1224
7176 1224
7177 1224
7178 1224
7179 1224
7180 1224
7181 1224
7182 1224
7183 1224
7184 1224
7185 1224
7186 1224
7187 1224
7188 1224
7189 1224
7190 1224
7191 1224
7192 1224
7193 1224
7194 1224
7195 1224
7196 1313
7197 1224
7198 1224
7199 1224
7200 1224
7201 1224
7202 1313
7203 1224
7204 1224
7205 1313
7206 1224
7207 1224
7208 1224
7209 1224
7210 1224
7211 1313
7212 1810
7213 1810
7214 1810
7215 1810
7216 1810
7217 1810
7218 1810
7219 1810
7220 1810
7221 1810
7222 1810
7223 1810
7224 1810
7225 1810
7226 1810
7227 1810
7228 1810
7229 1810
7230 1810
7231 1810
7232 1810
7233 1810
7234 1810
7235 1810
7236 1810
7237 1810
7238 1810
7239 1810
7240 1810
7241 1810
7242 1810
7243 1810
7244 1810
7245 1810
7246 1810
7247 1810
7248 1810
7249 1810
7250 1810
7251 1810
7252 1810
7253 1810
7254 1810
7255 1810
7256 1810
7257 1810
7258 1810
7259 1810
7260 1810
7261 1810
7262 1810
7263 1810
7264 1810
7265 1810
7266 1810
7267 1810
7268 1810
7269 1810
7270 1810
7271 1810
7272 1810
7273 1810
7274 1810
7275 1810
7276 1810
7277 1810
7278 1810
7279 1810
7280 1810
7281 1810
7282 1810
7283 1810
7284 1810
7285 1810
7286 1810
7287 1810
7288 1810
7289 1810
7290 1810
7291 1810
7292 1810
7293 1810
7294 1810
7295 1810
7296 1810
7297 1810
7298 1810
7299 1810
7300 1810
7301 1810
7302 1810
7303 1810
7304 1810
7305 1810
7306 1810
7307 1810
7308 1810
7309 1810
7310 1810
7311 1810
7312 1810
7313 1810
7314 1810
7315 1810
7316 1810
7317 1810
7318 1810
7319 1810
7320 1810
7321 1810
7322 1810
7323 1810
7324 1810
7325 1810
7326 1810
7327 1810
7328 1810
7329 1810
7330 1810
7331 1810
7332 1810
7333 1810
7334 1810
7335 1810
7336 1810
7337 1810
7338 1810
7339 1810
7340 1810
7341 1810
7342 1810
7343 1810
7344 1810
7345 1810
7346 1810
7347 1810
7348 1810
7349 1810
7350 1810
7351 1810
7352 1810
7353 1810
7354 1810
7355 1810
7356 1810
7357 1810
7358 1810
7359 1810
7360 1810
7361 1810
7362 1810
7363 1810
7364 1810
7365 1810
7366 1810
7367 1810
7368 1810
7369 1810
7370 1810
7371 1810
7372 1810
7373 1810
7374 1810
7375 1810
7376 1810
7377 1810
7378 1810
7379 1810
7380 1810
7381 1810
7382 1810
7383 1810
7384 1810
7385 1810
7386 1810
7387 1810
7388 1810
7389 1810
7390 1810
7391 1810
7392 1810
7393 1810
7394 1810
7395 1810
7396 1810
7397 1810
7398 1810
7399 1810
7400 1810
7401 1810
7402 1810
7403 1810
7404 1810
7405 1810
7406 1810
7407 1810
7408 1810
7409 1810
7410 1810
7411 1810
7412 1810
7413 1810
7414 1810
7415 1810
7416 1810
7417 1810
7418 2001
7419 2001
7420 2001
7421 2001
7422 2001
7423 2001
7424 2001
7425 2001
7426 2001
7427 2001
7428 1810
7429 2001
7430 2001
7431 2001
7432 2001
7433 2001
7434 2001
7435 2001
7436 2001
7437 2001
7438 2001
7439 2001
7440 1810
7441 2001
7442 1810
7443 1810
7444 1810
7445 1810
7446 1810
7447 1810
7448 1810
7449 1810
7450 1810
7451 1810
7452 1810
7453 1810
7454 1810
7455 1810
7456 1810
7457 1810
7458 1810
7459 1810
7460 1810
7461 1810
7462 1810
7463 1810
7464 1810
7465 1810
7466 1810
7467 1810
7468 1810
7469 2942
7470 2942
7471 2942
7472 2942
7473 2942
7474 2942
7475 2942
7476 2942
7477 2942
7478 2942
7479 2942
7480 2942
7481 2942
7482 2942
7483 2942
7484 2942
7485 2348
7486 2942
7487 2942
7488 2942
7489 2942
7490 2942
7491 2942
7492 2942
7493 2942
7494 2942
7495 2942
7496 2942
7497 2942
7498 2942
7499 2942
7500 2942
7501 2942
7502 2942
7503 2942
7504 2942
7505 2942
7506 2942
7507 2942
7508 2942
7509 2942
7510 2942
7511 2942
7512 2942
7513 2942
7514 2942
7515 2942
7516 2942
7517 2942
7518 2942
7519 2942
7520 2942
7521 2348
7522 2942
7523 2942
7524 2942
7525 2942
7526 2348
7527 2348
7528 2348
7529 2348
7530 2942
7531 2942
7532 2942
7533 2942
7534 2348
7535 2942
7536 2942
7537 2942
7538 2942
7539 2348
7540 2348
7541 2348
7542 2348
7543 2348
7544 2348
7545 2348
7546 2348
7547 2942
7548 2348
7549 2348
7550 2348
7551 2348
7552 2942
7553 2348
7554 2942
7555 2348
7556 2942
7557 1855
7558 2942
7559 2942
7560 2942
7561 2942
7562 2942
7563 2942
7564 2942
7565 2942
7566 2942
7567 2942
7568 2942
7569 2942
7570 2942
7571 2942
7572 2348
7573 2348
7574 2942
7575 2348
7576 2942
7577 2942
7578 2942
7579 2942
7580 2942
7581 2942
7582 2942
7583 2942
7584 2348
7585 2348
7586 2348
7587 2348
7588 2942
7589 2942
7590 2942
7591 2942
7592 2942
7593 2942
7594 2942
7595 2942
7596 2942
7597 2942
7598 2942
7599 2942
7600 2942
7601 2942
7602 1855
7603 1855
7604 1855
7605 1855
7606 1855
7607 1855
7608 1855
7609 1855
7610 1855
7611 1855
7612 1855
7613 1855
7614 1855
7615 1855
7616 1855
7617 1855
7618 1855
7619 1855
7620 1855
7621 1855
7622 1855
7623 1855
7624 1855
7625 1855
7626 1855
7627 1855
7628 1855
7629 1855
7630 1855
7631 1855
7632 1855
7633 1855
7634 1855
7635 1855
7636 1855
7637 1855
7638 1855
7639 1855
7640 1855
7641 1855
7642 1855
7643 1855
7644 1855
7645 1855
7646 1855
7647 1855
7648 1855
7649 1855
7650 1855
7651 1855
7652 1855
7653 1855
7654 1855
7655 1855
7656 1855
7657 1855
7658 1855
7659 1855
7660 1855
7661 1855
7662 1855
7663 1855
7664 1855
7665 1855
7666 1855
7667 1855
7668 1855
7669 1855
7670 1855
7671 1855
7672 1855
7673 1855
7674 1855
7675 1855
7676 1855
7677 1855
7678 1855
7679 1855
7680 1855
7681 1855
7682 1855
7683 1855
7684 1855
7685 1855
7686 1855
7687 1855
7688 1855
7689 1855
7690 1855
7691 1855
7692 1855
7693 1855
7694 1855
7695 1855
7696 1855
7697 1855
7698 1855
7699 1855
7700 1855
7701 1855
7702 1855
7703 1855
7704 1855
7705 1855
7706 1855
7707 1855
7708 1855
7709 1855
7710 1855
7711 1855
7712 1855
7713 1855
7714 1855
7715 1855
7716 1855
7717 1855
7718 1855
7719 1855
7720 1855
7721 1855
7722 1855
7723 1855
7724 1855
7725 1855
7726 1855
7727 1855
7728 1855
7729 1855
7730 1855
7731 1855
7732 1855
7733 1855
7734 1855
7735 1855
7736 1855
7737 1855
7738 1855
7739 1855
7740 1855
7741 1855
7742 1855
7743 1855
7744 1855
7745 1855
7746 1855
7747 1855
7748 1855
7749 1855
7750 1855
7751 1855
7752 1855
7753 1855
7754 1855
7755 1855
7756 1855
7757 1855
7758 1855
7759 1855
7760 1855
7761 1855
7762 1855
7763 1855
7764 1855
7765 1855
7766 1855
7767 1855
7768 1855
7769 1855
7770 1855
7771 1855
7772 1855
7773 1855
7774 1855
7775 1855
7776 1855
7777 1855
7778 1855
7779 1855
7780 1855
7781 1855
7782 1855
7783 1855
7784 1855
7785 1855
7786 1855
7787 1855
7788 1855
7789 1855
7790 1178
7791 1178
7792 1178
7793 3349
7794 1178
7795 1178
7796 1178
7797 3349
7798 1178
7799 1178
7800 3349
7801 3349
7802 3349
7803 3349
7804 3349
7805 3349
7806 3349
7807 1178
7808 1178
7809 3349
7810 3349
7811 2636
7812 1178
7813 3349
7814 3349
7815 3349
7816 3349
7817 3349
7818 1178
7819 1178
7820 1178
7821 3349
7822 3349
7823 3349
7824 1178
7825 3349
7826 1178
7827 1178
7828 1178
7829 1178
7830 1178
7831 1178
7832 1178
7833 1178
7834 1178
7835 1178
7836 1178
7837 1178
7838 1178
7839 1178
7840 1178
7841 1178
7842 1178
7843 1178
7844 1178
7845 1178
7846 1178
7847 1178
7848 1178
7849 1178
7850 1178
7851 1178
7852 1178
7853 1178
7854 1178
7855 1178
7856 1178
7857 1178
7858 1178
7859 1178
7860 1178
7861 1178
7862 1178
7863 1178
7864 1178
7865 1178
7866 1178
7867 1178
7868 1178
7869 1178
7870 3349
7871 3349
7872 3349
7873 3349
7874 3349
7875 3349
7876 3349
7877 3349
7878 3349
7879 3349
7880 3349
7881 3349
7882 3349
7883 3349
7884 3349
7885 3349
7886 3349
7887 3349
7888 3349
7889 3349
7890 3349
7891 3349
7892 3349
7893 3349
7894 3349
7895 3349
7896 3349
7897 3349
7898 3349
7899 3349
7900 3349
7901 3349
7902 3349
7903 3349
7904 3349
7905 3349
7906 3349
7907 3349
7908 3349
7909 3349
7910 3349
7911 3349
7912 1178
7913 1178
7914 1178
7915 1178
7916 1178
7917 1178
7918 1178
7919 1178
7920 1178
7921 1178
7922 1178
7923 1178
7924 3349
7925 1178
7926 1178
7927 1178
7928 1178
7929 1178
7930 1178
7931 1178
7932 1178
7933 1178
7934 1178
7935 1178
7936 1178
7937 1178
7938 1178
7939 3349
7940 1178
7941 1178
7942 1178
7943 1178
7944 1178
7945 1178
7946 1178
7947 1178
7948 1178
7949 1178
7950 1178
7951 1178
7952 1178
7953 1178
7954 1178
7955 1178
7956 1178
7957 1178
7958 1178
7959 1178
7960 1178
7961 1178
7962 1178
7963 1178
7964 1178
7965 1178
7966 1178
7967 1178
7968 1178
7969 1178
7970 1178
7971 1178
7972 1178
7973 1178
7974 1178
7975 1178
7976 1178
7977 1178
7978 1178
7979 1178
7980 1178
7981 1178
7982 1178
7983 1178
7984 1178
7985 1178
7986 1178
7987 1178
7988 1178
7989 1178
7990 1178
7991 1178
7992 1178
7993 1178
7994 1178
7995 4612
7996 2942
7997 2942
7998 4612
7999 4612
8000 4612
8001 4612
8002 4612
8003 4612
8004 4612
8005 4612
8006 2942
8007 4612
8008 2348
8009 2348
8010 2348
8011 2348
8012 4612
8013 4612
8014 2348
8015 4612
8016 2348
8017 2942
8018 2348
8019 2348
8020 4612
8021 2348
8022 2348
8023 4612
8024 4612
8025 4612
8026 4612
8027 4612
8028 2348
8029 2348
8030 4612
8031 2348
8032 4612
8033 4612
8034 1855
8035 4612
8036 4612
8037 4612
8038 4612
8039 4612
8040 4612
8041 4612
8042 4612
8043 4612
8044 4612
8045 4612
8046 4612
8047 4612
8048 4612
8049 4612
8050 4612
8051 4612
8052 4612
8053 4612
8054 4612
8055 4612
8056 4612
8057 4612
8058 4612
8059 4612
8060 4612
8061 4612
8062 4612
8063 4612
8064 4612
8065 4612
8066 4612
8067 4612
8068 4612
8069 4612
8070 4612
8071 4612
8072 4612
8073 2942
8074 4612
8075 4612
8076 4612
8077 4612
8078 4612
8079 4612
8080 4612
8081 4612
8082 4612
8083 4612
8084 4612
8085 4612
8086 4612
8087 2348
8088 4612
8089 4612
8090 4612
8091 2348
8092 4612
8093 4612
8094 4612
8095 4612
8096 4612
8097 4612
8098 1181
8099 4612
8100 4612
8101 1181
8102 1181
8103 1181
8104 4612
8105 4612
8106 1181
8107 4612
8108 4612
8109 1181
8110 4612
8111 4612
8112 4612
8113 4612
8114 4612
8115 1181
8116 4612
8117 1181
8118 1181
8119 4612
8120 4612
8121 1181
8122 4612
8123 4612
8124 4612
8125 4612
8126 4612
8127 4612
8128 4612
8129 4612
8130 4612
8131 4612
8132 4612
8133 4612
8134 4612
8135 4612
8136 4612
8137 4612
8138 4612
8139 4612
8140 4612
8141 4612
8142 4612
8143 4612
8144 4612
8145 2235
8146 2235
8147 1
8148 2235
8149 2235
8150 2235
8151 2235
8152 1
8153 2235
8154 1
8155 2235
8156 1
8157 2235
8158 2235
8159 2235
8160 2235
8161 1
8162 1
8163 1
8164 1
8165 1
8166 1
8167 1
8168 1
8169 1
8170 1
8171 1
8172 1
8173 1
8174 1
8175 1
8176 1
8177 1
8178 2235
8179 2235
8180 2235
8181 2235
8182 2235
8183 2235
8184 2235
8185 2235
8186 2235
8187 2235
8188 2235
8189 2235
8190 2235
8191 2235
8192 2235
8193 2235
8194 2235
8195 2235
8196 2235
8197 2235
8198 2235
8199 2235
8200 2235
8201 2235
8202 2235
8203 2235
8204 2235
8205 2235
8206 2235
8207 2235
8208 2235
8209 2235
8210 2235
8211 2235
8212 2235
8213 2235
8214 2235
8215 2235
8216 2235
8217 2235
8218 2235
8219 3977
8220 2235
8221 2235
8222 2235
8223 2235
8224 2235
8225 5169
8226 5169
8227 2235
8228 2235
8229 2235
8230 2235
8231 2235
8232 2235
8233 2235
8234 2235
8235 2235
8236 2235
8237 2235
8238 2235
8239 2235
8240 2235
8241 2235
8242 2235
8243 2235
8244 2235
8245 2235
8246 2235
8247 5169
8248 2235
8249 2235
8250 2235
8251 2235
8252 2235
8253 2235
8254 2235
8255 2235
8256 2235
8257 2235
8258 2235
8259 2235
8260 2235
8261 2235
8262 2235
8263 2235
8264 2235
8265 1855
8266 1855
8267 1810
8268 1855
8269 1855
8270 1855
8271 1855
8272 1855
8273 1855
8274 1810
8275 1855
8276 1855
8277 1855
8278 1855
8279 1855
8280 1855
8281 1855
8282 1855
8283 1855
8284 1855
8285 2636
8286 2636
8287 2636
8288 1855
8289 1855
8290 2636
8291 1855
8292 1855
8293 1855
8294 2636
8295 2636
8296 1855
8297 1855
8298 1855
8299 2636
8300 1855
8301 2636
8302 1855
8303 1855
8304 1855
8305 2636
8306 2636
8307 1855
8308 1855
8309 1855
8310 1855
8311 1855
8312 1855
8313 1855
8314 1855
8315 1855
8316 1855
8317 1855
8318 1855
8319 1855
8320 1855
8321 1855
8322 1855
8323 1855
8324 1855
8325 1855
8326 1855
8327 1855
8328 1855
8329 1855
8330 1855
8331 1855
8332 1855
8333 1855
8334 1855
8335 1855
8336 1855
8337 1855
8338 1855
8339 1855
8340 1855
8341 1855
8342 1855
8343 1855
8344 1855
8345 1855
8346 1855
8347 1855
8348 1855
8349 1855
8350 2636
8351 2636
8352 2636
8353 2636
8354 2636
8355 2636
8356 2636
8357 1810
8358 2001
8359 2636
8360 1855
8361 1855
8362 2636
8363 1855
8364 2636
8365 2636
8366 2636
8367 2636
8368 2636
8369 2636
8370 2636
8371 1810
8372 2636
8373 1855
8374 1855
8375 1855
8376 1855
8377 1855
8378 1855
8379 1855
8380 1855
8381 1855
8382 1855
8383 1855
8384 1855
8385 1855
8386 1855
8387 1855
8388 1855
8389 1855
8390 1855
8391 1855
8392 1855
8393 1855
8394 1855
8395 1855
8396 2636
8397 1855
8398 1855
8399 1855
8400 1855
8401 1855
8402 1855
8403 1855
8404 1855
8405 1855
8406 1855
8407 1855
8408 1855
8409 1855
8410 1855
8411 1855
8412 1855
8413 1855
8414 1855
8415 1855
8416 1855
8417 1855
8418 1855
8419 1855
8420 1855
8421 1855
8422 1855
8423 1855
8424 1855
8425 1855
8426 1855
8427 1855
8428 1855
8429 1855
8430 1855
8431 1855
8432 1855
8433 1855
8434 1855
8435 1855
8436 1855
8437 1855
8438 2942
8439 2942
8440 1855
8441 2942
8442 1855
8443 1855
8444 1855
8445 1855
8446 1855
8447 1855
8448 1855
8449 1855
8450 1855
8451 2942
8452 1855
8453 1855
8454 1855
8455 1855
8456 1855
8457 1855
8458 1855
8459 1855
8460 1855
8461 1855
8462 1855
8463 1855
8464 1855
8465 1855
8466 1855
8467 1855
8468 1855
8469 1855
8470 1855
8471 1855
8472 1855
8473 1855
8474 1855
8475 1855
8476 1855
8477 1855
8478 2942
8479 2942
8480 2942
8481 2942
8482 2942
8483 2942
8484 2942
8485 2942
8486 2942
8487 2942
8488 2942
8489 2942
8490 2942
8491 2942
8492 2942
8493 2942
8494 2942
8495 2942
8496 2942
8497 2942
8498 2942
8499 2942
8500 2942
8501 2942
8502 2942
8503 2942
8504 2942
8505 2942
8506 2942
8507 2942
8508 2942
8509 2942
8510 2942
8511 2942
8512 1855
8513 2942
8514 2942
8515 1855
8516 2942
8517 2942
8518 2942
8519 2942
8520 2942
8521 1855
8522 1855
8523 1855
8524 1855
8525 1855
8526 1855
8527 1855
8528 1855
8529 1855
8530 1855
8531 1855
8532 1855
8533 1855
8534 1855
8535 1855
8536 1855
8537 1855
8538 1855
8539 1855
8540 1855
8541 1855
8542 1855
8543 1855
8544 1855
8545 1855
8546 1855
8547 1855
8548 1855
8549 1855
8550 1855
8551 1855
8552 1855
8553 1855
8554 1855
8555 1855
8556 1855
8557 1855
8558 1855
8559 1855
8560 1855
8561 1855
8562 1855
8563 1855
8564 1855
8565 1855
8566 2942
8567 2942
8568 2942
8569 2942
8570 2942
8571 2942
8572 2942
8573 2942
8574 2942
8575 2942
8576 2942
8577 2942
8578 2942
8579 2942
8580 2942
8581 2942
8582 2942
8583 2942
8584 2942
8585 2942
8586 2942
8587 2942
8588 2942
8589 2942
8590 2942
8591 2942
8592 2942
8593 2942
8594 1181
8595 1181
8596 1181
8597 1181
8598 2348
8599 1181
8600 1181
8601 1181
8602 1181
8603 1181
8604 1181
8605 1181
8606 1181
8607 1181
8608 1181
8609 1181
8610 1181
8611 1181
8612 1181
8613 1181
8614 1181
8615 1181
8616 1181
8617 1181
8618 1181
8619 1181
8620 1181
8621 1181
8622 1181
8623 1181
8624 1181
8625 1181
8626 1181
8627 1181
8628 1181
8629 1181
8630 1181
8631 1181
8632 1181
8633 1181
8634 1181
8635 1181
8636 1181
8637 1181
8638 1181
8639 1181
8640 1181
8641 1181
8642 1181
8643 1181
8644 1181
8645 1181
8646 1181
8647 1181
8648 1181
8649 1181
8650 1181
8651 1181
8652 1181
8653 1181
8654 1181
8655 1181
8656 1181
8657 1181
8658 1181
8659 1181
8660 1181
8661 1181
8662 1181
8663 1181
8664 1181
8665 1181
8666 1181
8667 1181
8668 1181
8669 1181
8670 1181
8671 1181
8672 1181
8673 1181
8674 1181
8675 1181
8676 1181
8677 1181
8678 1181
8679 1181
8680 1181
8681 1181
8682 1181
8683 1181
8684 1181
8685 1181
8686 1181
8687 1181
8688 1181
8689 1181
8690 1181
8691 1181
8692 1181
8693 1181
8694 1181
8695 1181
8696 1181
8697 1181
8698 3017
8699 1181
8700 1181
8701 1181
8702 1181
8703 1181
8704 1181
8705 1181
8706 1181
8707 3017
8708 3017
8709 1181
8710 1181
8711 1181
8712 1181
8713 1181
8714 1181
8715 1181
8716 1181
8717 1181
8718 1181
8719 1181
8720 1181
8721 1181
8722 1181
8723 1181
8724 1181
8725 1181
8726 1181
8727 1181
8728 1181
8729 1181
8730 1181
8731 2348
8732 2348
8733 2348
8734 2348
8735 2348
8736 2348
8737 2348
8738 2348
8739 2348
8740 2348
8741 2348
8742 2348
8743 2348
8744 2348
8745 2348
8746 2348
8747 2348
8748 2348
8749 2348
8750 2348
8751 2348
8752 2348
8753 2348
8754 2348
8755 2348
8756 2348
8757 2348
8758 2348
8759 2348
8760 2348
8761 2348
8762 2348
8763 2348
8764 2348
8765 2348
8766 2348
8767 2348
8768 2348
8769 2348
8770 2348
8771 2348
8772 2348
8773 2348
8774 2348
8775 2348
8776 2348
8777 2348
8778 2348
8779 2348
8780 2348
8781 2348
8782 2348
8783 2348
8784 2348
8785 2348
8786 2348
8787 2348
8788 2348
8789 2348
8790 2348
8791 2348
8792 2348
8793 2348
8794 2348
8795 2348
8796 2348
8797 2348
8798 2348
8799 2348
8800 2348
8801 2348
8802 2348
8803 2348
8804 2348
8805 2348
8806 2348
8807 2348
8808 2348
8809 2348
8810 2348
8811 2348
8812 2348
8813 2348
8814 2348
8815 2348
8816 2348
8817 2348
8818 2348
8819 2348
8820 2348
8821 2348
8822 2348
8823 2348
8824 2348
8825 2348
8826 2348
8827 2348
8828 2348
8829 2348
8830 2348
8831 2348
8832 2348
8833 2348
8834 2348
8835 2348
8836 2348
8837 3017
8838 3017
8839 3017
8840 3017
8841 3017
8842 3017
8843 3017
8844 3017
8845 3017
8846 3017
8847 3017
8848 3017
8849 3017
8850 3017
8851 3017
8852 3017
8853 3017
8854 3017
8855 3017
8856 3017
8857 3017
8858 3017
8859 3017
8860 3017
8861 3017
8862 3017
8863 3017
8864 3017
8865 3017
8866 3017
8867 3017
8868 3017
8869 3017
8870 3017
8871 3017
8872 3017
8873 3017
8874 3017
8875 3017
8876 3017
8877 3017
8878 3017
8879 3017
8880 3017
8881 3017
8882 3017
8883 3017
8884 3017
8885 3017
8886 3017
8887 3017
8888 3017
8889 3017
8890 3017
8891 3017
8892 3017
8893 3017
8894 3017
8895 3017
8896 3017
8897 3017
8898 3017
8899 3017
8900 3017
8901 3017
8902 3017
8903 3017
8904 3017
8905 3017
8906 3017
8907 3017
8908 3017
8909 3017
8910 3017
8911 3017
8912 3017
8913 3017
8914 3017
8915 3017
8916 3017
8917 3017
8918 3017
8919 3017
8920 3017
8921 3017
8922 3017
8923 3017
8924 3017
8925 3017
8926 3017
8927 3017
8928 3017
8929 3017
8930 3017
8931 3017
8932 3017
8933 3017
8934 3017
8935 3017
8936 3017
8937 3017
8938 3017
8939 3017
8940 3017
8941 3017
8942 3017
8943 3017
8944 3017
8945 3017
8946 3017
8947 3017
8948 3017
8949 3017
8950 3017
8951 3017
8952 3017
8953 3017
8954 3017
8955 3017
8956 3017
8957 3017
8958 3017
8959 3017
8960 3017
8961 3017
8962 3017
8963 3017
8964 3017
8965 3017
8966 3017
8967 3017
8968 3017
8969 3017
8970 3017
8971 3017
8972 3017
8973 3017
8974 3017
8975 3017
8976 3017
8977 3017
8978 3017
8979 3017
8980 3017
8981 2348
8982 2348
8983 2348
8984 2348
8985 2348
8986 2348
8987 2348
8988 2348
8989 2348
8990 2348
8991 2348
8992 2348
8993 2348
8994 2348
8995 2348
8996 2348
8997 2348
8998 2348
8999 2348
9000 2348
9001 2348
9002 2348
9003 2348
9004 2348
9005 2348
9006 2348
9007 2348
9008 2348
9009 2348
9010 2348
9011 2348
9012 2348
9013 2348
9014 2348
9015 2348
9016 2348
9017 2348
9018 2348
9019 2348
9020 2348
9021 2348
9022 2348
9023 2348
9024 2348
9025 2348
9026 2348
9027 2348
9028 2348
9029 2348
9030 2348
9031 2348
9032 2348
9033 2348
9034 2348
9035 2348
9036 2348
9037 2348
9038 2348
9039 2348
9040 2348
9041 2348
9042 2348
9043 2348
9044 2348
9045 2348
9046 2348
9047 2348
9048 2348
9049 2348
9050 2348
9051 2348
9052 2348
9053 2348
9054 2348
9055 2348
9056 2348
9057 2348
9058 2348
9059 2348
9060 2348
9061 2348
9062 2348
9063 2348
9064 2348
9065 2348
9066 2348
9067 2348
9068 2348
9069 2348
9070 2348
9071 2348
9072 2348
9073 2348
9074 2348
9075 2348
9076 2348
9077 2348
9078 2348
9079 2348
9080 2348
9081 2348
9082 2348
9083 2348
9084 2348
9085 2348
9086 2348
9087 2348
9088 2348
9089 2348
9090 2348
9091 2348
9092 2348
9093 2348
9094 2348
9095 2348
9096 2348
9097 2348
9098 2348
9099 2348
9100 2348
9101 2348
9102 2348
9103 2348
9104 2348
9105 2348
9106 2348
9107 2348
9108 2348
9109 2348
9110 2348
9111 2348
9112 2348
9113 2348
9114 2348
9115 2348
9116 2348
9117 2348
9118 2348
9119 2348
9120 2348
9121 2348
9122 2348
9123 2348
9124 2348
9125 2348
9126 2348
9127 2348
9128 2348
9129 2348
9130 2348
9131 2348
9132 2348
9133 2348
9134 2348
9135 2348
9136 2348
9137 2348
9138 2348
9139 2348
9140 2348
9141 2348
9142 2348
9143 2348
9144 2348
9145 2348
9146 2348
9147 2348
9148 2348
9149 2348
9150 2348
9151 2348
9152 2348
9153 2348
9154 2348
9155 1178
9156 1178
9157 1178
9158 1178
9159 1178
9160 1178
9161 3349
9162 1178
9163 3349
9164 1178
9165 1178
9166 1178
9167 1178
9168 1178
9169 1178
9170 1178
9171 1178
9172 1178
9173 1178
9174 1178
9175 3349
9176 1178
9177 1178
9178 1178
9179 1178
9180 1178
9181 1178
9182 3349
9183 3349
9184 3349
9185 3349
9186 3349
9187 3349
9188 3349
9189 3349
9190 3349
9191 3349
9192 3349
9193 3349
9194 3349
9195 3349
9196 1178
9197 1178
9198 1178
9199 1178
9200 1178
9201 1178
9202 1178
9203 1178
9204 1178
9205 1178
9206 1178
9207 1178
9208 1178
9209 1178
9210 1178
9211 1178
9212 1178
9213 3349
9214 1178
9215 1178
9216 1178
9217 1178
9218 3349
9219 1178
9220 1178
9221 1178
9222 1178
9223 1178
9224 1178
9225 1178
9226 1178
9227 1178
9228 1178
9229 3349
9230 3349
9231 1178
9232 1178
9233 1178
9234 1178
9235 1178
9236 1178
9237 1178
9238 3349
9239 1178
9240 3349
9241 1178
9242 3349
9243 3349
9244 3349
9245 3349
9246 3349
9247 3349
9248 3349
9249 3349
9250 3349
9251 3349
9252 3349
9253 3349
9254 3349
9255 3349
9256 3349
9257 3349
9258 3349
9259 3349
9260 3349
9261 3349
9262 3349
9263 3349
9264 3349
9265 3349
9266 3349
9267 3349
9268 3349
9269 3349
9270 3349
9271 3349
9272 3349
9273 1178
9274 1178
9275 1178
9276 1178
9277 1178
9278 1178
9279 1178
9280 1178
9281 1178
9282 1178
9283 1178
9284 1178
9285 1178
9286 1178
9287 1178
9288 1178
9289 1178
9290 1178
9291 1178
9292 1178
9293 1178
9294 1178
9295 1178
9296 1178
9297 1178
9298 1178
9299 1178
9300 1178
9301 1178
9302 1178
9303 1178
9304 1178
9305 1178
9306 1178
9307 1178
9308 1178
9309 1178
9310 1178
9311 1178
9312 1178
9313 1178
9314 1178
9315 1178
9316 1178
9317 1178
9318 1178
9319 1178
9320 1178
9321 1178
9322 1178
9323 1178
9324 1178
9325 1178
9326 1178
9327 1178
9328 1178
9329 1178
9330 1177
9331 1181
9332 1181
9333 1177
9334 1181
9335 1181
9336 1177
9337 1181
9338 1181
9339 1181
9340 1181
9341 1181
9342 1177
9343 1181
9344 1177
9345 1181
9346 1181
9347 1181
9348 1181
9349 1177
9350 1181
9351 1181
9352 1177
9353 1177
9354 1177
9355 1177
9356 1177
9357 1177
9358 1177
9359 1177
9360 1177
9361 1177
9362 1177
9363 1177
9364 1177
9365 1181
9366 1181
9367 1181
9368 1181
9369 1181
9370 1181
9371 1177
9372 1181
9373 1181
9374 1181
9375 1181
9376 1181
9377 1181
9378 1181
9379 1181
9380 1181
9381 1181
9382 1181
9383 1181
9384 1181
9385 1181
9386 1181
9387 1177
9388 1177
9389 1177
9390 1313
9391 1177
9392 1177
9393 1177
9394 1313
9395 1313
9396 1313
9397 1313
9398 1313
9399 1177
9400 1177
9401 1313
9402 1313
9403 1177
9404 1313
9405 1313
9406 1313
9407 1313
9408 1177
9409 1177
9410 1313
9411 1313
9412 1313
9413 1313
9414 1313
9415 1313
9416 1313
9417 1177
9418 1177
9419 1313
9420 1313
9421 1313
9422 1313
9423 1313
9424 1313
9425 1177
9426 1177
9427 1181
9428 1181
9429 1181
9430 1181
9431 1181
9432 1181
9433 1181
9434 1181
9435 1181
9436 1181
9437 1181
9438 1181
9439 1181
9440 1181
9441 1181
9442 1181
9443 1181
9444 1181
9445 1181
9446 1181
9447 1181
9448 1181
9449 1181
9450 1181
9451 1181
9452 1181
9453 1181
9454 1181
9455 1181
9456 1181
9457 1181
9458 1181
9459 1181
9460 1181
9461 1181
9462 1181
9463 1181
9464 1181
9465 1181
9466 1181
9467 1181
9468 1181
9469 1181
9470 1313
9471 1313
9472 1313
9473 1313
9474 1313
9475 1313
9476 1313
9477 1313
9478 1313
9479 1313
9480 1313
9481 1313
9482 1313
9483 1313
9484 1313
9485 1177
9486 1313
9487 1313
9488 1313
9489 1313
9490 1181
9491 1181
9492 1181
9493 1181
9494 1181
9495 1181
9496 1181
9497 1181
9498 1181
9499 1181
9500 1181
9501 1181
9502 1181
9503 1181
9504 1181
9505 1181
9506 1181
9507 1181
9508 1181
9509 1181
9510 1181
9511 1181
9512 1181
9513 1181
9514 1181
9515 1181
9516 1181
9517 1181
9518 1181
9519 1181
9520 1181
9521 1181
9522 1181
9523 1181
9524 1181
9525 1181
9526 1181
9527 1181
9528 1181
9529 1181
9530 1181
9531 1181
9532 1181
9533 1181
9534 1181
9535 1181
9536 2348
9537 2348
9538 2348
9539 2348
9540 2348
9541 2348
9542 2348
9543 2348
9544 2348
9545 2348
9546 2348
9547 2348
9548 2348
9549 2348
9550 2348
9551 2348
9552 2348
9553 2348
9554 2348
9555 2348
9556 2348
9557 2348
9558 2348
9559 2348
9560 2348
9561 2348
9562 2348
9563 2348
9564 2348
9565 2348
9566 2348
9567 2348
9568 2348
9569 2348
9570 2348
9571 2348
9572 2348
9573 2348
9574 2348
9575 2348
9576 2348
9577 2348
9578 2348
9579 2348
9580 2348
9581 2348
9582 2348
9583 2348
9584 2348
9585 2348
9586 2348
9587 2348
9588 2348
9589 2348
9590 2348
9591 2348
9592 2348
9593 2348
9594 2348
9595 2348
9596 2348
9597 2348
9598 2348
9599 2348
9600 2348
9601 2348
9602 2348
9603 1181
9604 2348
9605 2348
9606 2348
9607 2348
9608 2348
9609 2348
9610 2348
9611 2348
9612 2348
9613 2348
9614 2348
9615 2348
9616 2348
9617 2348
9618 2348
9619 2348
9620 2348
9621 2348
9622 2348
9623 2348
9624 2348
9625 2348
9626 2348
9627 2348
9628 2348
9629 2348
9630 2348
9631 2348
9632 2348
9633 2348
9634 2348
9635 2348
9636 2348
9637 2348
9638 2348
9639 2348
9640 2348
9641 1313
9642 1313
9643 1313
9644 1313
9645 1313
9646 1313
9647 1313
9648 1313
9649 1313
9650 1313
9651 1313
9652 1313
9653 1313
9654 1313
9655 3477
9656 3477
9657 1313
9658 1313
9659 3477
9660 1313
9661 3477
9662 1313
9663 1313
9664 3477
9665 3477
9666 1313
9667 1313
9668 1313
9669 3477
9670 3477
9671 3477
9672 3477
9673 3477
9674 3477
9675 1313
9676 1313
9677 1313
9678 3477
9679 1313
9680 3477
9681 3477
9682 3477
9683 3477
9684 3477
9685 3477
9686 3477
9687 3477
9688 3477
9689 3477
9690 3477
9691 1181
9692 3477
9693 3477
9694 3477
9695 3477
9696 3477
9697 3477
9698 1181
9699 1181
9700 3477
9701 3477
9702 3477
9703 3477
9704 3477
9705 3477
9706 3477
9707 3477
9708 3477
9709 1181
9710 1313
9711 1313
9712 1313
9713 1313
9714 1313
9715 1313
9716 1313
9717 1313
9718 1313
9719 1313
9720 1313
9721 1313
9722 1313
9723 1313
9724 1313
9725 1313
9726 1313
9727 1313
9728 1313
9729 1313
9730 1313
9731 1313
9732 1313
9733 1313
9734 1313
9735 1313
9736 1313
9737 1313
9738 1313
9739 1313
9740 1313
9741 1313
9742 1313
9743 1313
9744 1313
9745 1313
9746 1313
9747 1313
9748 1313
9749 1313
9750 1313
9751 1313
9752 1313
9753 1313
9754 1313
9755 1313
9756 1313
9757 1313
9758 1313
9759 1313
9760 1313
9761 1313
9762 1313
9763 1313
9764 1313
9765 1313
9766 1313
9767 1313
9768 1313
9769 1313
9770 1313
9771 1313
9772 1313
9773 1313
9774 1313
9775 1313
9776 1313
9777 1313
9778 1313
9779 1313
9780 1313
9781 1313
9782 1313
9783 1313
9784 1313
9785 1313
9786 3017
9787 3017
9788 3017
9789 3017
9790 3017
9791 3017
9792 3017
9793 3017
9794 3017
9795 3017
9796 3017
9797 3017
9798 3017
9799 3017
9800 3017
9801 3017
9802 3017
9803 3017
9804 3017
9805 3017
9806 3017
9807 3017
9808 3017
9809 3017
9810 3017
9811 3017
9812 3017
9813 3017
9814 3017
9815 3017
9816 3017
9817 3017
9818 3017
9819 3017
9820 3017
9821 3017
9822 3017
9823 3017
9824 3017
9825 3017
9826 3017
9827 3017
9828 3017
9829 3017
9830 3017
9831 3017
9832 3017
9833 3017
9834 3017
9835 3017
9836 3017
9837 3017
9838 3017
9839 3017
9840 3017
9841 3017
9842 3017
9843 3017
9844 3017
9845 3017
9846 3017
9847 3017
9848 3017
9849 3017
9850 3017
9851 3017
9852 3017
9853 3017
9854 3017
9855 3017
9856 3017
9857 3017
9858 3017
9859 3017
9860 3017
9861 3017
9862 3017
9863 3017
9864 3017
9865 3017
9866 3017
9867 3017
9868 3017
9869 3017
9870 3017
9871 3017
9872 3017
9873 3017
9874 3017
9875 3017
9876 3017
9877 3017
9878 3017
9879 3017
9880 3017
9881 3017
9882 3017
9883 3017
9884 3017
9885 3017
9886 3017
9887 3017
9888 3017
9889 3017
9890 3017
9891 3017
9892 3017
9893 3017
9894 3017
9895 3017
9896 3017
9897 3017
9898 3017
9899 3017
9900 3017
9901 3017
9902 3017
9903 3017
9904 3017
9905 3017
9906 2348
9907 2348
9908 2348
9909 2348
9910 2348
9911 2348
9912 2348
9913 2348
9914 2348
9915 2348
9916 2348
9917 2348
9918 2348
9919 2348
9920 2348
9921 2348
9922 2348
9923 2348
9924 2348
9925 2348
9926 2348
9927 2348
9928 2348
9929 3017
9930 3017
9931 3017
9932 3017
9933 3017
9934 3017
9935 3017
9936 2348
9937 3017
9938 3017
9939 3017
9940 3017
9941 3017
9942 3017
9943 3017
9944 3017
9945 3017
9946 3017
9947 3017
9948 3017
9949 3017
9950 3017
9951 2348
9952 2348
9953 2348
9954 2348
9955 2348
9956 2348
9957 2348
9958 2348
9959 2348
9960 2348
9961 2348
9962 2348
9963 3017
9964 3017
9965 3017
9966 3017
9967 3017
9968 3017
9969 3017
9970 3017
9971 3017
9972 3017
9973 3017
9974 3017
9975 3017
9976 3017
9977 3017
9978 3017
9979 3017
9980 3017
9981 3017
9982 3017
9983 3017
9984 2348
9985 3017
9986 3017
9987 3017
9988 3017
9989 3017
9990 3017
9991 3017
9992 3017
9993 3017
9994 3017
9995 3017
9996 3017
9997 3017
9998 3017
9999 3017
10000 3017
10001 3017
10002 3017
10003 3017
10004 3017
10005 3017
10006 3017
10007 3017
10008 3017
10009 3017
10010 2348
10011 3017
10012 2348
10013 2348
10014 2348
10015 2348
10016 2348
10017 2348
10018 2348
10019 2348
10020 3017
10021 2348
10022 2348
10023 2348
10024 2348
10025 2348
10026 2348
