1 1467
2 1580
3 1144
4 1210
5 947
6 1327
7 780
8 1740
9 1760
10 1915
11 1516
12 2014
13 1757
14 1778
15 1900
16 1643
17 1278
18 1806
19 1738
20 1996
21 1300
22 1047
23 1148
24 1587
25 1274
26 1139
27 1036
28 1231
29 2021
30 1624
31 1555
32 1901
33 1935
34 1203
35 1628
36 1737
37 1461
38 1164
39 1485
40 2011
41 1853
42 1584
43 1086
44 1150
45 1147
46 1216
47 927
48 1397
49 724
50 1036
51 1029
52 1272
53 1093
54 1103
55 950
56 926
57 1132
58 1080
59 894
60 928
61 1345
62 1176
63 1163
64 1306
65 1309
66 963
67 917
68 1121
69 896
70 917
71 858
72 930
73 843
74 1037
75 942
76 897
77 752
78 940
79 1042
80 860
81 784
82 1082
83 1214
84 1030
85 865
86 1032
87 841
88 911
89 1029
90 772
91 1117
92 1338
93 993
94 1087
95 1159
96 1186
97 1167
98 1305
99 1142
100 969
101 958
102 835
103 691
104 855
105 924
106 1077
107 1098
108 882
109 1033
110 1166
111 1135
112 1363
113 1395
114 1466
115 1530
116 1247
117 1341
118 1318
119 1327
120 1072
121 1375
122 1407
123 1491
124 1300
125 1184
126 1329
127 1281
128 1203
129 1257
130 1511
131 1266
132 724
133 1663
134 1373
135 1406
136 1241
137 1451
138 1257
139 1568
140 1544
141 888
142 1144
143 1146
144 859
145 835
146 943
147 929
148 610
149 840
150 755
151 1600
152 915
153 979
154 944
155 1301
156 1046
157 1135
158 992
159 1180
160 1204
161 1057
162 981
163 1071
164 1080
165 823
166 866
167 1024
168 864
169 1076
170 933
171 1109
172 796
173 932
174 790
175 1189
176 1081
177 1244
178 947
179 1220
180 1125
181 943
182 1258
183 1305
184 882
185 1144
186 987
187 1223
188 892
189 1140
190 1125
191 1075
192 982
193 1006
194 2344
195 790
196 1164
197 1224
198 1162
199 1046
200 835
201 911
202 1004
203 1313
204 1094
205 1246
206 1155
207 1090
208 742
209 837
210 953
211 928
212 868
213 818
214 1106
215 1334
216 1005
217 919
218 1106
219 1099
220 746
221 918
222 1074
223 1644
224 1172
225 803
226 1938
227 2050
228 1835
229 1700
230 1844
231 1631
232 1792
233 1758
234 1312
235 1391
236 1735
237 1442
238 1366
239 1616
240 1478
241 1809
242 1675
243 1680
244 1321
245 1797
246 1371
247 1380
248 1313
249 1224
250 1662
251 965
252 1306
253 758
254 2298
255 698
256 1450
257 1257
258 1182
259 1219
260 1222
261 1256
262 1171
263 1205
264 1480
265 1148
266 1171
267 1228
268 1155
269 1288
270 1330
271 1299
272 1428
273 1352
274 1284
275 1218
276 1343
277 1234
278 981
279 950
280 876
281 733
282 1139
283 1081
284 1262
285 1205
286 1051
287 996
288 1364
289 1023
290 1055
291 1027
292 1107
293 1084
294 1418
295 1881
296 2314
297 1957
298 2054
299 1745
300 1853
301 1471
302 1905
303 1721
304 1468
305 2315
306 2420
307 2439
308 1783
309 1626
310 2115
311 2046
312 2180
313 1711
314 2285
315 1173
316 1439
317 1966
318 1871
319 1456
320 2153
321 2206
322 1975
323 2195
324 1065
325 1504
326 1257
327 1197
328 1369
329 1666
330 1480
331 1605
332 1311
333 1163
334 1318
335 1229
336 1267
337 1073
338 1507
339 1434
340 1706
341 1594
342 2252
343 1063
344 1301
345 1325
346 1418
347 1504
348 1655
349 1345
350 1585
351 1430
352 1405
353 1667
354 1626
355 1695
356 1580
357 1388
358 1649
359 1348
360 1612
361 1421
362 1602
363 1419
364 1402
365 1415
366 2257
367 1487
368 1756
369 1817
370 1425
371 886
372 1522
373 1227
374 1406
375 1483
376 1484
377 1749
378 1306
379 955
380 1318
381 1296
382 1376
383 1498
384 1353
385 1491
386 1456
387 1375
388 1491
389 1269
390 1280
391 1286
392 1112
393 1237
394 1602
395 1016
396 1413
397 1360
398 1389
399 1631
400 1319
401 1476
402 1329
403 1149
404 1137
405 1654
406 1463
407 1605
408 1486
409 1208
410 1534
411 1592
412 1684
413 1683
414 1542
415 1414
416 1292
417 1389
418 1430
419 1109
420 1642
421 1697
422 1501
423 2317
424 2449
425 2018
426 2533
427 2701
428 2889
429 4028
430 2459
431 2639
432 3120
433 2437
434 2441
435 2715
436 2684
437 2478
438 1963
439 1980
440 1513
441 1966
442 1880
443 2399
444 2044
445 2631
446 2626
447 2927
448 2516
449 3468
450 2996
451 1463
452 1793
453 1396
454 1183
455 1540
456 1951
457 1821
458 2984
459 2179
460 3662
461 2599
462 3027
463 2711
464 2161
465 2542
466 3112
467 1553
468 2752
469 927
470 1922
471 2361
472 1689
473 2515
474 2287
475 2915
476 3084
477 3120
478 3012
479 3115
480 2700
481 1954
482 1728
483 1534
484 2001
485 1779
486 1938
487 1471
488 1926
489 1925
490 1879
491 1841
492 1750
493 1581
494 1726
495 1386
496 1381
497 1676
498 1249
499 1786
500 1734
501 1803
502 1667
503 1613
504 1157
505 1778
506 1336
507 1568
508 1264
509 1722
510 1563
511 1592
512 1620
513 1242
514 1866
515 1651
516 1149
517 1304
518 1642
519 1425
520 1717
521 1340
522 1607
523 1683
524 1586
525 1468
526 1070
527 1680
528 1432
529 1632
530 1516
531 1357
532 1461
533 1253
534 1572
535 1970
536 1517
537 1918
538 2179
539 1857
540 1758
541 1549
542 1448
543 1706
544 1815
545 1308
546 2030
547 1866
548 1750
549 1645
550 1971
551 1011
552 1475
553 2087
554 1582
555 2003
556 1929
557 2066
558 2134
559 2047
560 1814
561 2075
562 1727
563 1361
564 1704
565 2022
566 1398
567 1478
568 1418
569 1483
570 1785
571 1633
572 1456
573 1693
574 1450
575 1514
576 1488
577 1646
578 1618
579 1459
580 1473
581 1367
582 1315
583 925
584 751
585 1359
586 1495
587 1757
588 1682
589 1858
590 1538
591 3332
592 2975
593 3382
594 3916
595 3568
596 3287
597 3020
598 2552
599 1961
600 3500
601 3054
602 2091
603 1501
604 1127
605 1989
606 1564
607 2326
608 2270
609 1947
610 3363
611 3264
612 2566
613 3762
614 3800
615 2597
616 3431
617 2606
618 4248
619 3036
620 3539
621 3679
622 3197
623 2946
624 2734
625 3013
626 3737
627 3560
628 2902
629 4048
630 2944
631 3439
632 3251
633 3678
634 3789
635 3457
636 2991
637 3462
638 2515
639 3173
640 3523
641 3139
642 3807
643 3372
644 3183
645 3395
646 3063
647 3807
648 2781
649 3360
650 3738
651 3324
652 3089
653 3666
654 2524
655 3294
656 3628
657 3616
658 2333
659 2537
660 1949
661 3216
662 2952
663 2868
664 2350
665 3351
666 2230
667 3013
668 2837
669 3642
670 842
671 835
672 900
673 934
674 1060
675 789
676 947
677 938
678 957
679 688
680 721
681 735
682 1021
683 649
684 1378
685 956
686 2384
687 1140
688 1274
689 930
690 1137
691 1143
692 1063
693 1209
694 950
695 1612
696 1287
697 979
698 846
699 1002
700 1275
701 843
702 788
703 1391
704 1299
705 807
706 1064
707 676
708 1164
709 1430
710 917
711 845
712 942
713 1064
714 910
715 1053
716 1174
717 1124
718 998
719 934
720 1074
721 980
722 802
723 865
724 820
725 835
726 837
727 898
728 1046
729 1120
730 950
731 1024
732 644
733 713
734 814
735 870
736 850
737 591
738 642
739 898
740 711
741 1010
742 977
743 617
744 837
745 1790
746 1991
747 1662
748 1453
749 1892
750 1517
751 1786
752 1721
753 1887
754 1440
755 1918
756 1664
757 1572
758 1698
759 1391
760 1616
761 1546
762 1691
763 1614
764 1245
765 1192
766 1265
767 1265
768 1462
769 1405
770 1521
771 1374
772 1722
773 1542
774 1679
775 1597
776 1439
777 1475
778 1581
779 1629
780 1210
781 1606
782 1370
783 1432
784 1148
785 1306
786 1250
787 943
788 1155
789 1040
790 1427
791 1093
792 955
793 2010
794 1081
795 1178
796 1026
797 1069
798 1096
799 1315
800 1188
801 1214
802 1336
803 1026
804 1147
805 951
806 1376
807 794
808 2092
809 1932
810 1618
811 1905
812 1707
813 1509
814 1690
815 1634
816 1887
817 1699
818 1959
819 1120
820 4034
821 1730
822 1667
823 1461
824 1464
825 1662
826 2046
827 2100
828 1776
829 1988
830 1698
831 1833
832 1943
833 2245
834 1629
835 1434
836 1983
837 1609
838 1974
839 1759
840 2123
841 1785
842 2004
843 1893
844 2154
845 1408
846 1698
847 1894
848 1773
849 1894
850 1949
851 1591
852 1867
853 2193
854 2009
855 1717
856 1747
857 1445
858 1858
859 2045
860 1662
861 1657
862 2257
863 1700
864 1667
865 1848
866 1933
867 1900
868 1589
869 1922
870 1903
871 1529
872 1893
873 1902
874 1820
875 1880
876 1785
877 1914
878 1765
879 1969
880 1783
881 1565
882 1908
883 1760
884 1766
885 1821
886 1331
887 1570
888 1601
889 1525
890 1967
891 1363
892 1277
893 1299
894 1367
895 1355
896 1747
897 1517
898 1381
899 1375
900 1574
901 1571
902 1649
903 1435
904 1652
905 1172
906 1760
907 347
908 369
909 330
910 536
911 603
912 533
913 601
914 610
915 570
916 556
917 574
918 580
919 313
920 1505
921 2523
922 1152
923 1250
924 1105
925 1158
926 1070
927 1169
928 1106
929 1366
930 1127
931 1120
932 1092
933 1205
934 1070
935 1433
936 629
937 1204
938 1252
939 971
940 1093
941 1046
942 1156
943 989
944 1251
945 1424
946 1206
947 1054
948 1223
949 1524
950 1276
951 1048
952 1211
953 1306
954 1167
955 922
956 1192
957 1053
958 1194
959 1391
960 1583
961 1582
962 2030
963 1544
964 1350
965 1827
966 1185
967 1820
968 1511
969 1299
970 1303
971 1835
972 1609
973 1995
974 1380
975 1435
976 2079
977 1744
978 1543
979 1634
980 2026
981 1826
982 1674
983 1713
984 1621
985 995
986 1612
987 1587
988 1194
989 1548
990 1542
991 1342
992 1298
993 1086
994 1207
995 1365
996 1440
997 967
998 1655
999 362
1000 703
1001 417
1002 853
1003 632
1004 356
1005 548
1006 305
1007 569
1008 631
1009 496
1010 521
1011 1131
1012 1735
1013 1271
1014 1464
1015 1404
1016 1378
1017 1278
1018 1477
1019 1609
1020 1240
1021 1723
1022 1653
1023 1500
1024 1695
1025 1483
1026 1408
1027 1500
1028 1261
1029 1533
1030 1673
1031 1336
1032 1274
1033 1481
1034 1421
1035 1369
1036 1475
1037 1452
1038 1558
1039 1552
1040 1479
1041 1704
1042 1625
1043 2035
1044 1429
1045 1410
1046 1401
1047 1146
1048 1902
1049 1829
1050 1862
1051 1679
1052 1799
1053 1511
1054 1653
1055 1309
1056 1358
1057 1573
1058 1719
1059 1772
1060 1755
1061 1734
1062 1410
1063 1751
1064 1546
1065 1321
1066 1415
1067 1371
1068 987
1069 1240
1070 1097
1071 1632
1072 1597
1073 1393
1074 2030
1075 2382
1076 1820
1077 1730
1078 1741
1079 1228
1080 1511
1081 1326
1082 1625
1083 1621
1084 1772
1085 1119
1086 1603
1087 1530
1088 1995
1089 1484
1090 1937
1091 1826
1092 1975
1093 1910
1094 1833
1095 1495
1096 1906
1097 1559
1098 1708
1099 1841
1100 1989
1101 1831
1102 1939
1103 1837
1104 1977
1105 1736
1106 1584
1107 1826
1108 1307
1109 448
1110 1530
1111 1730
1112 841
1113 1319
1114 1283
1115 1559
1116 1336
1117 1374
1118 1576
1119 1212
1120 1420
1121 1694
1122 1553
1123 1212
1124 1356
1125 1095
1126 1284
1127 1212
1128 2862
1129 1672
1130 1377
1131 1567
1132 1627
1133 1666
1134 1691
1135 1771
1136 1455
1137 1602
1138 1271
1139 1691
1140 1451
1141 1637
1142 1017
1143 1448
1144 1708
1145 1662
1146 1723
1147 1100
1148 1825
1149 1490
1150 1659
1151 1843
1152 1473
1153 1284
1154 1543
1155 1554
1156 1812
1157 1960
1158 1612
1159 1276
1160 1373
1161 872
1162 423
1163 692
1164 681
1165 677
1166 695
1167 553
1168 643
1169 746
1170 608
1171 629
1172 563
1173 758
1174 546
1175 366
1176 703
1177 597
1178 56
1179 1260
1180 75
1181 256
1182 689
1183 60
1184 30
1185 34
1186 6043
1187 5642
1188 7049
1189 5660
1190 5560
1191 5949
1192 6150
1193 6184
1194 6240
1195 4635
1196 5709
1197 5516
1198 5889
1199 5199
1200 5304
1201 5825
1202 5209
1203 7832
1204 9169
1205 9345
1206 8045
1207 7296
1208 7865
1209 7183
1210 8133
1211 7079
1212 7722
1213 9741
1214 8525
1215 8477
1216 6892
1217 8076
1218 7769
1219 7813
1220 8773
1221 6949
1222 8120
1223 8067
1224 5182
1225 5924
1226 5284
1227 5310
1228 5551
1229 5269
1230 5788
1231 5374
1232 5807
1233 5224
1234 5500
1235 5152
1236 5462
1237 6196
1238 4888
1239 6052
1240 5497
1241 5161
1242 5482
1243 5344
1244 5662
1245 6789
1246 7787
1247 5992
1248 6844
1249 7046
1250 6595
1251 7379
1252 5451
1253 6376
1254 7485
1255 6329
1256 6426
1257 7125
1258 5983
1259 7404
1260 10468
1261 6710
1262 6442
1263 7017
1264 6339
1265 6521
1266 7441
1267 4602
1268 7608
1269 6801
1270 7215
1271 8103
1272 7369
1273 6244
1274 8014
1275 9576
1276 5773
1277 2364
1278 7753
1279 7957
1280 7827
1281 5902
1282 8382
1283 8577
1284 7278
1285 7169
1286 4746
1287 7562
1288 5577
1289 5065
1290 6277
1291 5721
1292 4886
1293 5747
1294 5902
1295 4989
1296 6704
1297 5423
1298 5877
1299 5939
1300 5844
1301 7332
1302 7255
1303 8265
1304 5592
1305 4097
1306 7090
1307 7336
1308 8745
1309 8240
1310 6583
1311 6736
1312 6591
1313 6556
1314 7584
1315 6524
1316 6855
1317 6443
1318 7584
1319 6623
1320 6504
1321 7815
1322 5856
1323 7760
1324 7275
1325 7840
1326 7523
1327 6891
1328 9278
1329 7977
1330 6950
1331 7681
1332 7884
1333 5417
1334 5648
1335 7808
1336 5909
1337 7463
1338 6277
1339 6949
1340 6898
1341 7246
1342 5455
1343 6856
1344 7171
1345 7840
1346 7791
1347 7024
1348 6914
1349 7948
1350 7695
1351 5263
1352 5521
1353 6101
1354 6846
1355 6830
1356 7266
1357 9882
1358 8241
1359 6930
1360 5877
1361 8567
1362 6404
1363 7485
1364 7440
1365 6822
1366 7599
1367 6678
1368 6361
1369 6964
1370 6931
1371 7325
1372 9332
1373 6145
1374 8241
1375 5854
1376 7102
1377 6988
1378 6497
1379 6580
1380 8328
1381 8355
1382 5750
1383 6919
1384 7582
1385 5233
1386 8259
1387 6973
1388 6620
1389 9530
1390 8052
1391 6054
1392 6710
1393 6603
1394 5514
1395 5963
1396 5809
1397 6015
1398 5971
1399 6454
1400 6401
1401 6995
1402 5846
1403 7096
1404 7883
1405 6377
1406 7691
1407 5575
1408 7274
1409 7051
1410 5166
1411 5911
1412 5733
1413 4684
1414 5115
1415 4758
1416 5964
1417 4256
1418 4918
1419 3709
1420 5163
1421 5525
1422 4985
1423 5110
1424 4454
1425 7282
1426 4991
1427 6155
1428 7247
1429 4322
1430 5398
1431 5193
1432 4434
1433 5097
1434 4696
1435 6859
1436 8457
1437 7501
1438 8302
1439 4655
1440 7439
1441 8348
1442 7132
1443 8031
1444 6545
1445 4882
1446 5651
1447 5278
1448 4725
1449 5488
1450 5755
1451 5448
1452 4745
1453 4507
1454 5441
1455 5306
1456 4633
1457 5204
1458 4942
1459 5477
1460 5141
1461 6208
1462 5607
1463 5196
1464 4713
1465 4949
1466 6691
1467 6820
1468 6407
1469 5920
1470 8683
1471 6542
1472 6241
1473 6830
1474 6897
1475 6132
1476 6862
1477 6844
1478 6344
1479 6438
1480 6858
1481 6798
1482 5936
1483 6600
1484 6476
1485 6749
1486 5544
1487 5750
1488 5739
1489 6115
1490 3600
1491 4839
1492 6081
1493 5235
1494 5478
1495 5459
1496 5678
1497 6858
1498 5299
1499 6477
1500 5710
1501 5831
1502 6051
1503 5030
1504 6489
1505 5598
1506 5312
1507 5474
1508 4551
1509 5345
1510 6335
1511 4860
1512 5940
1513 6252
1514 5208
1515 5916
1516 5782
1517 6510
1518 5441
1519 5837
1520 5061
1521 5613
1522 5379
1523 5007
1524 5058
1525 4286
1526 5411
1527 5772
1528 6631
1529 5638
1530 5445
1531 7068
1532 5130
1533 6208
1534 6342
1535 6561
1536 5798
1537 6054
1538 6068
1539 5396
1540 5911
1541 6772
1542 4722
1543 4640
1544 3933
1545 4144
1546 4652
1547 5329
1548 4527
1549 5780
1550 4939
1551 4829
1552 4829
1553 5475
1554 3844
1555 4810
1556 3912
1557 4213
1558 5701
1559 3695
1560 4486
1561 4504
1562 4747
1563 4377
1564 4394
1565 4550
1566 5848
1567 4808
1568 3380
1569 4535
1570 4504
1571 4688
1572 3946
1573 4766
1574 4707
1575 4262
1576 4813
1577 6019
1578 5363
1579 6166
1580 8567
1581 6038
1582 7270
1583 5860
1584 7435
1585 7317
1586 5753
1587 6288
1588 5440
1589 7453
1590 6437
1591 7040
1592 6220
1593 6301
1594 5243
1595 7024
1596 7684
1597 7947
1598 6214
1599 7133
1600 7220
1601 6827
1602 8796
1603 9090
1604 7256
1605 7444
1606 6120
1607 6282
1608 6708
1609 8612
1610 7699
1611 6933
1612 8453
1613 7839
1614 7825
1615 3921
1616 4775
1617 4052
1618 6023
1619 3461
1620 5454
1621 4655
1622 3859
1623 4668
1624 5029
1625 4225
1626 4489
1627 5383
1628 5211
1629 4602
1630 5175
1631 3629
1632 4859
1633 4601
1634 4741
1635 8040
1636 7917
1637 8126
1638 7516
1639 7266
1640 7927
1641 7756
1642 7842
1643 7620
1644 8950
1645 8993
1646 8926
1647 9304
1648 8029
1649 8675
1650 7281
1651 3530
1652 7566
1653 8341
1654 7768
1655 6495
1656 6259
1657 5676
1658 5851
1659 5029
1660 6504
1661 7276
1662 6605
1663 5596
1664 6376
1665 6059
1666 6778
1667 8849
1668 6298
1669 5107
1670 7553
1671 5525
1672 6848
1673 5449
1674 6681
1675 5822
1676 5155
1677 4960
1678 4523
1679 5093
1680 4681
1681 4628
1682 4578
1683 5122
1684 4565
1685 4573
1686 4599
1687 4380
1688 4763
1689 4055
1690 4354
1691 4037
1692 4558
1693 4635
1694 6429
1695 7794
1696 7558
1697 7554
1698 5400
1699 4966
1700 7112
1701 8013
1702 6628
1703 7700
1704 7613
1705 6151
1706 7384
1707 5689
1708 5506
1709 5997
1710 6591
1711 6100
1712 4404
1713 6962
1714 5333
1715 4710
1716 6003
1717 4710
1718 4703
1719 4840
1720 5062
1721 5098
1722 6193
1723 4955
1724 4629
1725 4896
1726 4068
1727 4283
1728 5204
1729 4804
1730 4839
1731 5792
1732 4670
1733 7511
1734 9269
1735 6117
1736 5022
1737 5637
1738 8404
1739 8041
1740 7774
1741 7770
1742 7445
1743 5912
1744 9046
1745 5351
1746 7998
1747 5570
1748 7756
1749 7806
1750 6581
1751 6254
1752 5886
1753 5157
1754 5398
1755 5711
1756 6017
1757 5438
1758 5596
1759 5731
1760 6489
1761 6476
1762 5638
1763 7039
1764 7683
1765 5327
1766 6209
1767 5782
1768 5774
1769 6464
1770 5200
1771 5179
1772 5747
1773 5505
1774 4357
1775 7146
1776 6208
1777 6754
1778 5970
1779 5167
1780 5892
1781 8124
1782 5617
1783 4589
1784 5936
1785 4778
1786 6451
1787 6657
1788 7211
1789 6810
1790 4951
1791 3748
1792 5072
1793 4830
1794 4147
1795 4781
1796 5106
1797 4745
1798 5573
1799 3821
1800 4544
1801 3717
1802 5711
1803 6287
1804 4094
1805 3669
1806 4626
1807 3430
1808 5995
1809 3516
1810 7300
1811 6693
1812 6899
1813 7905
1814 7101
1815 8026
1816 7611
1817 6940
1818 9745
1819 9285
1820 8140
1821 7235
1822 8087
1823 7579
1824 7889
1825 7135
1826 5716
1827 5836
1828 6091
1829 6186
1830 5467
1831 5646
1832 6148
1833 5986
1834 5746
1835 5841
1836 5359
1837 6133
1838 7128
1839 6182
1840 7147
1841 6900
1842 6251
1843 6368
1844 6019
1845 4948
1846 7361
1847 6976
1848 7170
1849 7380
1850 6724
1851 6901
1852 5897
1853 6654
1854 8906
1855 7461
1856 6998
1857 9574
1858 6357
1859 7189
1860 6894
1861 9836
1862 8009
1863 7714
1864 6175
1865 7005
1866 7545
1867 6506
1868 11605
1869 7981
1870 7580
1871 7225
1872 7441
1873 9182
1874 10350
1875 5910
1876 7043
1877 8362
1878 7030
1879 7913
1880 5568
1881 5330
1882 5538
1883 8839
1884 5672
1885 5514
1886 5560
1887 6403
1888 5997
1889 5274
1890 5260
1891 6231
1892 5539
1893 5708
1894 7436
1895 6338
1896 5507
1897 6759
1898 8416
1899 5951
1900 5613
1901 5250
1902 6536
1903 7045
1904 5476
1905 5943
1906 4914
1907 6127
1908 5669
1909 4753
1910 6141
1911 5395
1912 4478
1913 5959
1914 7358
1915 6232
1916 10039
1917 5239
1918 4807
1919 6063
1920 5063
1921 5478
1922 4972
1923 7063
1924 6494
1925 5619
1926 7746
1927 4476
1928 6944
1929 3414
1930 8296
1931 6561
1932 6621
1933 6587
1934 6807
1935 8247
1936 5746
1937 7916
1938 6744
1939 7791
1940 6227
1941 6632
1942 7712
1943 7611
1944 7187
1945 6119
1946 7991
1947 5949
1948 7746
1949 7329
1950 6602
1951 7538
1952 6471
1953 6083
1954 6262
1955 8531
1956 7576
1957 6187
1958 7613
1959 7900
1960 6979
1961 6279
1962 5894
1963 6096
1964 6699
1965 6516
1966 6452
1967 6045
1968 6597
1969 5775
1970 6830
1971 5460
1972 6500
1973 6603
1974 6335
1975 5629
1976 4803
1977 5942
1978 5747
1979 5445
1980 6348
1981 5439
1982 4914
1983 4512
1984 6696
1985 4548
1986 4956
1987 4954
1988 5785
1989 5457
1990 6086
1991 3953
1992 4528
1993 6289
1994 5126
1995 5078
1996 4573
1997 5264
1998 4955
1999 6406
2000 6869
2001 7189
2002 7735
2003 6616
2004 5758
2005 6660
2006 6858
2007 7833
2008 7487
2009 7674
2010 7120
2011 6522
2012 7196
2013 6968
2014 7515
2015 8425
2016 6173
2017 6277
2018 6073
2019 5493
2020 7604
2021 6008
2022 7438
2023 6832
2024 3424
2025 4216
2026 5277
2027 3740
2028 3968
2029 4542
2030 4354
2031 4509
2032 3545
2033 4914
2034 4293
2035 4100
2036 3638
2037 4720
2038 5217
2039 3989
2040 4134
2041 4492
2042 5741
2043 4011
2044 4766
2045 4688
2046 7923
2047 9550
2048 9515
2049 9162
2050 9255
2051 7952
2052 9696
2053 9073
2054 9989
2055 9729
2056 9488
2057 9566
2058 8531
2059 9559
2060 5225
2061 9194
2062 11250
2063 8504
2064 8577
2065 8974
2066 8772
2067 5597
2068 8125
2069 9580
2070 9443
2071 8517
2072 8028
2073 6769
2074 9332
2075 6472
2076 5093
2077 10659
2078 8499
2079 6724
2080 5177
2081 5956
2082 5808
2083 5860
2084 6924
2085 5062
2086 5998
2087 5843
2088 6656
2089 5899
2090 5556
2091 4419
2092 6624
2093 5219
2094 5648
2095 5559
2096 5213
2097 7378
2098 6647
2099 6458
2100 7888
2101 7285
2102 7628
2103 7731
2104 8140
2105 7341
2106 7139
2107 9453
2108 7576
2109 6944
2110 7115
2111 7277
2112 8213
2113 8241
2114 8089
2115 6624
2116 9268
2117 7842
2118 6543
2119 7648
2120 7760
2121 9050
2122 8231
2123 9286
2124 7821
2125 7421
2126 8213
2127 9288
2128 9035
2129 8062
2130 8723
2131 6936
2132 8489
2133 7825
2134 8501
2135 9139
2136 9826
2137 9035
2138 8155
2139 9661
2140 8379
2141 5424
2142 5509
2143 5896
2144 5704
2145 5918
2146 6312
2147 7270
2148 7485
2149 7360
2150 7212
2151 5992
2152 4775
2153 6654
2154 5365
2155 4511
2156 5071
2157 5955
2158 6593
2159 4901
2160 3674
2161 6127
2162 5957
2163 9882
2164 9717
2165 6481
2166 8523
2167 7325
2168 6631
2169 7846
2170 6329
2171 9308
2172 7143
2173 9209
2174 6605
2175 8927
2176 7551
2177 7971
2178 9986
2179 7682
2180 9196
2181 10167
2182 5900
2183 6543
2184 5846
2185 7809
2186 6011
2187 9070
2188 5192
2189 6969
2190 5173
2191 5224
2192 8064
2193 4945
2194 6788
2195 6042
2196 5497
2197 9933
2198 6050
2199 5915
2200 6062
2201 6396
2202 6491
2203 6411
2204 5919
2205 6286
2206 9511
2207 10616
2208 9366
2209 11403
2210 9535
2211 8924
2212 11311
2213 12443
2214 10609
2215 10145
2216 11278
2217 9827
2218 10556
2219 9691
2220 9570
2221 10292
2222 8346
2223 17224
2224 9088
2225 10188
2226 10389
2227 8958
2228 8351
2229 8401
2230 11920
2231 9547
2232 11952
2233 7327
2234 8490
2235 4593
2236 5333
2237 4559
2238 4973
2239 5582
2240 4931
2241 4859
2242 4875
2243 5500
2244 4975
2245 5386
2246 4733
2247 6167
2248 4901
2249 4893
2250 5167
2251 4894
2252 5578
2253 5738
2254 5134
2255 4392
2256 5817
2257 4565
2258 7031
2259 5577
2260 5959
2261 8435
2262 6198
2263 5684
2264 6483
2265 7284
2266 6746
2267 5681
2268 6525
2269 6329
2270 5607
2271 5959
2272 7777
2273 5168
2274 6851
2275 4350
2276 5241
2277 5635
2278 6105
2279 4315
2280 6743
2281 6801
2282 5219
2283 6338
2284 5064
2285 5251
2286 5067
2287 5829
2288 5660
2289 6971
2290 4856
2291 3618
2292 5507
2293 5650
2294 6275
2295 6079
2296 4953
2297 5569
2298 4687
2299 5909
2300 5021
2301 5459
2302 4936
2303 4674
2304 4825
2305 4853
2306 4728
2307 5189
2308 4955
2309 5487
2310 4998
2311 4833
2312 4565
2313 3728
2314 5239
2315 5079
2316 5380
2317 4871
2318 3923
2319 4608
2320 4154
2321 4072
2322 4836
2323 6603
2324 8262
2325 5701
2326 7246
2327 5559
2328 6322
2329 6522
2330 6959
2331 6251
2332 6502
2333 7928
2334 6131
2335 5682
2336 5849
2337 7987
2338 7110
2339 6836
2340 5921
2341 6822
2342 6176
2343 6127
2344 7771
2345 6464
2346 8937
2347 5965
2348 15144
2349 20466
2350 12997
2351 16437
2352 13530
2353 14555
2354 14175
2355 13693
2356 15309
2357 14357
2358 19396
2359 12196
2360 15027
2361 10446
2362 12803
2363 16743
2364 15194
2365 18221
2366 12821
2367 20923
2368 12693
2369 12176
2370 12367
2371 11210
2372 17558
2373 16033
2374 15118
2375 11655
2376 26831
2377 18144
2378 22437
2379 21647
2380 13882
2381 15317
2382 16590
2383 14772
2384 20518
2385 13650
2386 13785
2387 8252
2388 10690
2389 7478
2390 9095
2391 12821
2392 10325
2393 10615
2394 10552
2395 9147
2396 10272
2397 10754
2398 8786
2399 9966
2400 9815
2401 8676
2402 8798
2403 9924
2404 9614
2405 8568
2406 6311
2407 5467
2408 8226
2409 7227
2410 6694
2411 6894
2412 9746
2413 6505
2414 5998
2415 6075
2416 6374
2417 6378
2418 7541
2419 5617
2420 6378
2421 6661
2422 7705
2423 7005
2424 6969
2425 8203
2426 6238
2427 6287
2428 6697
2429 5792
2430 7402
2431 7570
2432 6099
2433 7371
2434 7179
2435 6684
2436 7477
2437 6813
2438 7662
2439 7226
2440 6329
2441 6603
2442 6252
2443 7839
2444 7227
2445 7646
2446 7067
2447 5325
2448 9292
2449 6860
2450 7432
2451 7368
2452 6801
2453 6862
2454 5949
2455 6667
2456 5298
2457 5415
2458 5082
2459 5501
2460 5283
2461 5898
2462 6124
2463 7073
2464 7238
2465 6302
2466 8346
2467 6010
2468 6770
2469 6681
2470 6913
2471 6765
2472 8416
2473 8515
2474 8169
2475 7001
2476 8670
2477 6907
2478 7830
2479 7628
2480 7068
2481 9694
2482 7744
2483 4790
2484 7099
2485 8028
2486 5975
2487 6688
2488 6494
2489 8018
2490 6848
2491 8086
2492 7258
2493 6508
2494 6852
2495 7080
2496 6692
2497 7114
2498 6796
2499 8655
2500 6585
2501 7320
2502 6845
2503 6586
2504 9568
2505 7493
2506 6788
2507 6193
2508 6310
2509 6369
2510 8061
2511 7106
2512 7544
2513 7345
2514 12141
2515 13257
2516 8293
2517 7893
2518 7719
2519 9526
2520 10807
2521 7870
2522 7730
2523 9161
2524 8257
2525 9682
2526 12189
2527 9637
2528 8901
2529 8206
2530 7591
2531 8277
2532 6945
2533 13907
2534 8767
2535 9454
2536 17735
2537 7345
2538 7351
2539 8467
2540 5085
2541 6022
2542 6001
2543 5858
2544 5097
2545 4757
2546 5672
2547 6071
2548 5195
2549 6262
2550 5132
2551 6090
2552 7636
2553 5777
2554 5133
2555 5827
2556 7083
2557 6017
2558 7368
2559 11755
2560 11232
2561 9068
2562 8734
2563 7409
2564 6711
2565 9490
2566 8821
2567 8010
2568 8841
2569 9377
2570 11680
2571 8360
2572 9484
2573 8242
2574 8321
2575 8609
2576 8475
2577 8051
2578 8545
2579 8707
2580 8650
2581 11328
2582 12754
2583 12291
2584 11839
2585 9545
2586 12459
2587 11767
2588 10645
2589 12851
2590 11538
2591 11876
2592 11269
2593 13971
2594 16340
2595 10682
2596 10086
2597 10699
2598 11761
2599 11695
2600 11672
2601 14207
2602 11976
2603 12228
2604 10964
2605 11486
2606 11322
2607 10903
2608 11306
2609 11630
2610 14084
2611 11404
2612 14204
2613 9686
2614 12409
2615 8072
2616 7781
2617 7228
2618 8206
2619 8503
2620 8850
2621 7519
2622 8029
2623 9102
2624 7518
2625 8987
2626 7795
2627 9139
2628 8818
2629 8623
2630 9784
2631 9003
2632 9598
2633 8910
2634 7891
2635 8285
2636 3250
2637 3572
2638 4114
2639 841
2640 3718
2641 3465
2642 1237
2643 2826
2644 3412
2645 3433
2646 3622
2647 3168
2648 3175
2649 4411
2650 3273
2651 3522
2652 4070
2653 3188
2654 4262
2655 3302
2656 3953
2657 3072
2658 3904
2659 5002
2660 6001
2661 3917
2662 2936
2663 3505
2664 4553
2665 4420
2666 2523
2667 2826
2668 3073
2669 2523
2670 4462
2671 3288
2672 4716
2673 1753
2674 4612
2675 4248
2676 4084
2677 3224
2678 4831
2679 4748
2680 4433
2681 4597
2682 3888
2683 4854
2684 1299
2685 4486
2686 3255
2687 3252
2688 4125
2689 3912
2690 4005
2691 3657
2692 3671
2693 5547
2694 4299
2695 4061
2696 2443
2697 2768
2698 3911
2699 3923
2700 3165
2701 3928
2702 2480
2703 2860
2704 3204
2705 2665
2706 2804
2707 3377
2708 3539
2709 7351
2710 4013
2711 4114
2712 3671
2713 3858
2714 2704
2715 3862
2716 3956
2717 3759
2718 1514
2719 3489
2720 3082
2721 3493
2722 3494
2723 3617
2724 3151
2725 2317
2726 1723
2727 4365
2728 2220
2729 2230
2730 2673
2731 2772
2732 2136
2733 3141
2734 618
2735 2842
2736 2520
2737 1686
2738 2945
2739 1523
2740 2058
2741 1861
2742 2120
2743 2137
2744 1981
2745 2080
2746 3428
2747 2471
2748 3790
2749 2104
2750 2889
2751 894
2752 3906
2753 1726
2754 1982
2755 3784
2756 4077
2757 1682
2758 3700
2759 3099
2760 4428
2761 976
2762 3935
2763 4194
2764 3743
2765 3130
2766 4081
2767 3707
2768 3675
2769 3167
2770 4231
2771 3015
2772 1763
2773 5714
2774 5388
2775 5566
2776 2969
2777 6283
2778 5727
2779 4761
2780 3023
2781 4810
2782 1433
2783 4400
2784 3350
2785 5392
2786 6245
2787 4563
2788 6566
2789 5830
2790 3439
2791 4538
2792 3144
2793 2965
2794 3863
2795 6476
2796 5642
2797 2810
2798 4266
2799 2598
2800 926
2801 3804
2802 1729
2803 4249
2804 4089
2805 3540
2806 3060
2807 3356
2808 3737
2809 1887
2810 3802
2811 3199
2812 5150
2813 5442
2814 4167
2815 3526
2816 4543
2817 1989
2818 3951
2819 3613
2820 4417
2821 4571
2822 4548
2823 4323
2824 3575
2825 4228
2826 3662
2827 4033
2828 3986
2829 3410
2830 3660
2831 4443
2832 3693
2833 3552
2834 3903
2835 4304
2836 4115
2837 3674
2838 3873
2839 6844
2840 4413
2841 6647
2842 7107
2843 5955
2844 4272
2845 6325
2846 6616
2847 6541
2848 7459
2849 2665
2850 7436
2851 9411
2852 8024
2853 7034
2854 6396
2855 10267
2856 6754
2857 4492
2858 5762
2859 4386
2860 6796
2861 6567
2862 6793
2863 6736
2864 7718
2865 9115
2866 4924
2867 5234
2868 7599
2869 7087
2870 7070
2871 5372
2872 5329
2873 7659
2874 2188
2875 7092
2876 6951
2877 7601
2878 5758
2879 7366
2880 8048
2881 4486
2882 8704
2883 4860
2884 6810
2885 5178
2886 7188
2887 7046
2888 7135
2889 7996
2890 5372
2891 5403
2892 6873
2893 5384
2894 6827
2895 6654
2896 5201
2897 7564
2898 9065
2899 3851
2900 4804
2901 3535
2902 6789
2903 5431
2904 3379
2905 4055
2906 3579
2907 5261
2908 5473
2909 5661
2910 3256
2911 7269
2912 2082
2913 5585
2914 7200
2915 5351
2916 4562
2917 5944
2918 6198
2919 4436
2920 4007
2921 1960
2922 6297
2923 1897
2924 5432
2925 4175
2926 1417
2927 3191
2928 6080
2929 3092
2930 6592
2931 2057
2932 5410
2933 4566
2934 6456
2935 5200
2936 1719
2937 5282
2938 5832
2939 3785
2940 7915
2941 1855
2942 7190
2943 7249
2944 7875
2945 9650
2946 6900
2947 8153
2948 7339
2949 6482
2950 6549
2951 8229
2952 6265
2953 7946
2954 6873
2955 8865
2956 6013
2957 8535
2958 6313
2959 7794
2960 5604
2961 7845
2962 6663
2963 10804
2964 7650
2965 7149
2966 7545
2967 5844
2968 7338
2969 5429
2970 6287
2971 6536
2972 8714
2973 7416
2974 10273
2975 8316
2976 14952
2977 10666
2978 6203
2979 4450
2980 5155
2981 678
2982 1360
2983 896
2984 995
2985 1389
2986 500
2987 691
2988 597
2989 1533
2990 1516
2991 1538
2992 1128
2993 1092
2994 1278
2995 2300
2996 600
2997 7028
2998 10853
2999 8804
3000 9677
3001 9894
3002 10940
3003 5383
3004 10066
3005 7335
3006 7604
3007 8659
3008 8259
3009 6923
3010 5524
3011 7281
3012 9311
3013 8801
3014 8336
3015 6769
3016 8041
3017 3458
3018 1613
3019 5019
3020 1625
3021 1539
3022 3209
3023 1726
3024 1760
3025 1338
3026 1710
3027 1629
3028 1691
3029 1566
3030 1577
3031 1774
3032 1433
3033 961
3034 3116
3035 1711
3036 1775
3037 4945
3038 3203
3039 3063
3040 1707
3041 1710
3042 1596
3043 1457
3044 1672
3045 1874
3046 2585
3047 2947
3048 5998
3049 3240
3050 1592
3051 1688
3052 5261
3053 4865
3054 1494
3055 1828
3056 1363
3057 1243
3058 1861
3059 3728
3060 1554
3061 1844
3062 3263
3063 4916
3064 3873
3065 1279
3066 1701
3067 1502
3068 1470
3069 5916
3070 1592
3071 1231
3072 1126
3073 4692
3074 2237
3075 2857
3076 3641
3077 2770
3078 1421
3079 1497
3080 1356
3081 1410
3082 1489
3083 3200
3084 2810
3085 1525
3086 4940
3087 4409
3088 2346
3089 3545
3090 7269
3091 7963
3092 6348
3093 7665
3094 7086
3095 7471
3096 6950
3097 6506
3098 6872
3099 7529
3100 6161
3101 7332
3102 8245
3103 7311
3104 6435
3105 6459
3106 7066
3107 6175
3108 7584
3109 7673
3110 2625
3111 3924
3112 1643
3113 1353
3114 2857
3115 1221
3116 1179
3117 1181
3118 3121
3119 1367
3120 1483
3121 2972
3122 2760
3123 2783
3124 2445
3125 2652
3126 2488
3127 2776
3128 1440
3129 2603
3130 2587
3131 2981
3132 2686
3133 3171
3134 2450
3135 2966
3136 1262
3137 2659
3138 2209
3139 3152
3140 1385
3141 3155
3142 2536
3143 2621
3144 2541
3145 3057
3146 2864
3147 5794
3148 6769
3149 5351
3150 5670
3151 6536
3152 5775
3153 5128
3154 5073
3155 4913
3156 4264
3157 4930
3158 5658
3159 5548
3160 7461
3161 6163
3162 6721
3163 5554
3164 5879
3165 5460
3166 6843
3167 6214
3168 6512
3169 5757
3170 6754
3171 6637
3172 5290
3173 5476
3174 5756
3175 6528
3176 4896
3177 5758
3178 6033
3179 5738
3180 6278
3181 5494
3182 2933
3183 4694
3184 1928
3185 1691
3186 1745
3187 1440
3188 1503
3189 1598
3190 1606
3191 1644
3192 1837
3193 1640
3194 1355
3195 3284
3196 1436
3197 3309
3198 4966
3199 1716
3200 831
3201 1539
3202 1538
3203 1602
3204 1596
3205 1775
3206 3656
3207 5244
3208 5087
3209 5325
3210 4730
3211 6627
3212 4854
3213 4743
3214 1414
3215 3380
3216 1651
3217 4557
3218 1885
3219 1605
3220 1754
3221 3803
3222 1537
3223 2708
3224 2193
3225 1660
3226 3012
3227 1736
3228 3277
3229 5490
3230 5023
3231 3187
3232 5239
3233 5445
3234 1917
3235 3273
3236 3166
3237 3868
3238 5259
3239 1646
3240 4989
3241 1765
3242 6217
3243 3674
3244 4855
3245 3491
3246 3448
3247 1655
3248 4865
3249 5100
3250 3423
3251 3310
3252 2909
3253 7067
3254 6256
3255 8408
3256 5620
3257 7678
3258 6825
3259 8357
3260 8679
3261 6280
3262 6747
3263 3540
3264 4791
3265 6385
3266 6736
3267 6693
3268 7828
3269 7575
3270 7003
3271 6624
3272 6940
3273 6315
3274 5979
3275 4304
3276 3960
3277 6267
3278 4089
3279 3882
3280 6172
3281 4410
3282 6776
3283 4577
3284 4303
3285 6213
3286 4525
3287 4749
3288 5150
3289 4284
3290 4361
3291 5761
3292 5587
3293 6014
3294 6492
3295 4861
3296 4952
3297 5013
3298 4954
3299 5339
3300 4660
3301 4130
3302 5026
3303 4915
3304 4807
3305 4923
3306 6471
3307 3186
3308 3385
3309 5653
3310 5123
3311 3465
3312 3346
3313 4599
3314 2843
3315 3736
3316 5508
3317 5962
3318 5797
3319 5424
3320 5681
3321 4138
3322 1587
3323 1535
3324 3959
3325 3817
3326 4042
3327 3445
3328 4484
3329 4779
3330 4207
3331 3882
3332 4752
3333 4663
3334 5670
3335 3808
3336 1498
3337 4379
3338 4542
3339 3879
3340 3646
3341 4219
3342 4209
3343 4926
3344 1387
3345 4768
3346 1629
3347 5775
3348 5407
3349 4821
3350 2556
3351 3782
3352 2903
3353 1030
3354 3040
3355 1303
3356 5771
3357 4180
3358 1483
3359 4267
3360 4484
3361 3984
3362 4499
3363 1547
3364 2787
3365 3737
3366 3330
3367 4512
3368 3504
3369 8696
3370 3093
3371 6624
3372 3777
3373 8916
3374 6398
3375 3474
3376 4062
3377 6381
3378 7230
3379 3977
3380 4591
3381 5724
3382 7299
3383 5781
3384 3535
3385 3833
3386 5212
3387 5316
3388 5809
3389 5095
3390 5015
3391 5274
3392 4558
3393 4898
3394 5358
3395 5242
3396 5968
3397 5477
3398 5996
3399 5056
3400 5569
3401 5398
3402 4599
3403 5813
3404 4521
3405 4922
3406 5782
3407 2383
3408 2982
3409 3027
3410 4431
3411 4986
3412 3014
3413 2719
3414 4697
3415 2718
3416 1037
3417 4856
3418 3317
3419 3572
3420 3959
3421 3636
3422 3485
3423 3940
3424 8476
3425 2523
3426 8542
3427 7961
3428 3912
3429 4525
3430 7694
3431 6708
3432 4961
3433 6421
3434 4386
3435 6555
3436 3551
3437 5315
3438 6587
3439 5155
3440 6920
3441 6175
3442 7797
3443 7592
3444 4848
3445 4630
3446 2812
3447 3551
3448 2616
3449 2164
3450 2499
3451 3449
3452 2603
3453 1896
3454 2588
3455 3478
3456 3346
3457 2959
3458 2200
3459 2112
3460 3801
3461 3382
3462 2166
3463 2036
3464 1221
3465 1461
3466 3558
3467 3236
3468 2736
3469 3939
3470 1346
3471 2606
3472 1832
3473 1411
3474 1334
3475 2698
3476 2307
3477 2389
3478 2294
3479 2368
3480 2547
3481 2374
3482 1654
3483 2700
3484 2777
3485 2850
3486 1261
3487 2704
3488 2366
3489 2253
3490 2857
3491 1172
3492 1729
3493 1291
3494 3223
3495 3878
3496 4134
3497 6206
3498 3561
3499 4621
3500 1623
3501 4356
3502 5130
3503 4515
3504 4410
3505 4663
3506 4617
3507 4567
3508 4738
3509 5476
3510 5996
3511 5477
3512 5569
3513 3844
3514 3975
3515 3963
3516 2319
3517 4467
3518 3304
3519 4767
3520 4807
3521 3289
3522 3336
3523 5514
3524 2721
3525 3663
3526 3370
3527 3217
3528 3217
3529 2545
3530 2041
3531 3565
3532 2450
3533 3162
3534 2222
3535 1889
3536 1072
3537 3570
3538 2235
3539 3047
3540 3502
3541 2449
3542 3766
3543 2365
3544 3451
3545 2723
3546 3442
3547 1027
3548 1433
3549 4265
3550 1374
3551 2628
3552 3345
3553 3896
3554 2637
3555 2813
3556 3464
3557 4108
3558 1257
3559 3997
3560 4846
3561 3872
3562 2787
3563 1142
3564 2179
3565 1362
3566 2549
3567 1338
3568 2459
3569 2476
3570 3699
3571 4038
3572 5938
3573 6021
3574 6175
3575 1954
3576 3611
3577 4532
3578 4680
3579 3592
3580 1789
3581 3929
3582 3916
3583 6037
3584 2307
3585 3351
3586 3063
3587 3867
3588 2005
3589 4291
3590 6725
3591 5515
3592 4144
3593 5485
3594 6214
3595 3299
3596 3982
3597 7877
3598 7038
3599 8177
3600 6822
3601 8926
3602 9670
3603 5219
3604 7474
3605 6404
3606 7032
3607 3528
3608 7008
3609 6198
3610 4949
3611 5457
3612 4887
3613 4545
3614 6721
3615 5207
3616 7360
3617 7500
3618 9946
3619 6269
3620 7270
3621 6426
3622 6369
3623 6927
3624 6726
3625 6642
3626 7507
3627 8320
3628 5623
3629 7643
3630 6965
3631 7475
3632 8395
3633 7735
3634 6465
3635 7289
3636 6110
3637 7712
3638 7733
3639 7009
3640 8655
3641 8327
3642 6940
3643 6818
3644 8578
3645 7431
3646 1713
3647 1133
3648 1354
3649 1802
3650 2011
3651 1482
3652 1453
3653 1555
3654 1495
3655 1636
3656 1315
3657 1295
3658 1340
3659 1490
3660 917
3661 1787
3662 1573
3663 1789
3664 1647
3665 938
3666 1604
3667 1548
3668 1617
3669 1403
3670 1387
3671 1422
3672 1247
3673 1275
3674 1725
3675 2609
3676 1774
3677 1819
3678 1845
3679 1830
3680 1620
3681 1751
3682 1869
3683 1957
3684 1742
3685 1347
3686 1675
3687 1996
3688 1795
3689 1938
3690 1891
3691 2024
3692 2192
3693 1923
3694 799
3695 883
3696 818
3697 1307
3698 802
3699 900
3700 815
3701 1007
3702 1140
3703 634
3704 788
3705 1299
3706 1036
3707 841
3708 718
3709 914
3710 922
3711 1054
3712 721
3713 1418
3714 940
3715 1638
3716 1061
3717 818
3718 1014
3719 1102
3720 955
3721 1461
3722 928
3723 773
3724 1102
3725 698
3726 1071
3727 1548
3728 659
3729 1364
3730 1398
3731 979
3732 1231
3733 1420
3734 617
3735 649
3736 817
3737 1497
3738 526
3739 738
3740 1135
3741 648
3742 689
3743 565
3744 1181
3745 823
3746 592
3747 1345
3748 517
3749 712
3750 1127
3751 525
3752 876
3753 1052
3754 906
3755 652
3756 705
3757 699
3758 878
3759 1047
3760 701
3761 630
3762 1323
3763 1097
3764 955
3765 1203
3766 922
3767 885
3768 1043
3769 607
3770 705
3771 1137
3772 750
3773 689
3774 1251
3775 776
3776 1031
3777 427
3778 1055
3779 1132
3780 1881
3781 1879
3782 1313
3783 801
3784 852
3785 1388
3786 1616
3787 913
3788 1476
3789 1310
3790 1050
3791 1056
3792 1072
3793 876
3794 1070
3795 1257
3796 1695
3797 1177
3798 1160
3799 907
3800 1278
3801 493
3802 2025
3803 923
3804 1058
3805 1518
3806 612
3807 1029
3808 1197
3809 1020
3810 837
3811 2583
3812 2382
3813 2143
3814 1195
3815 2297
3816 814
3817 2030
3818 2911
3819 2430
3820 2080
3821 628
3822 3571
3823 901
3824 4871
3825 693
3826 1225
3827 924
3828 1585
3829 2152
3830 1133
3831 2169
3832 973
3833 1460
3834 2866
3835 1431
3836 2186
3837 3489
3838 1467
3839 738
3840 3077
3841 763
3842 782
3843 1156
3844 1293
3845 1070
3846 2337
3847 1854
3848 1446
3849 873
3850 1144
3851 843
3852 627
3853 1124
3854 1064
3855 2136
3856 1006
3857 2315
3858 2591
3859 1378
3860 3484
3861 2062
3862 2470
3863 3155
3864 2267
3865 4358
3866 3416
3867 2883
3868 2966
3869 1000
3870 981
3871 1049
3872 818
3873 1508
3874 1830
3875 1048
3876 1203
3877 1133
3878 1741
3879 1176
3880 1698
3881 2584
3882 1210
3883 1979
3884 918
3885 1319
3886 928
3887 1859
3888 2666
3889 2807
3890 1181
3891 2312
3892 1397
3893 1445
3894 2206
3895 1727
3896 1850
3897 1526
3898 966
3899 985
3900 919
3901 835
3902 1053
3903 730
3904 1214
3905 897
3906 1351
3907 1304
3908 1155
3909 878
3910 1857
3911 1371
3912 1140
3913 1286
3914 1476
3915 1227
3916 1497
3917 1491
3918 857
3919 1777
3920 1081
3921 800
3922 1818
3923 1516
3924 931
3925 1641
3926 996
3927 1009
3928 842
3929 1089
3930 1928
3931 1249
3932 1571
3933 1512
3934 1685
3935 1070
3936 1524
3937 2961
3938 1227
3939 1349
3940 1100
3941 2576
3942 1252
3943 1434
3944 1171
3945 1563
3946 1359
3947 1081
3948 2223
3949 1409
3950 1664
3951 1422
3952 1441
3953 1838
3954 1248
3955 1090
3956 2592
3957 1250
3958 1189
3959 1169
3960 1268
3961 1674
3962 1132
3963 1682
3964 1394
3965 1347
3966 1204
3967 1349
3968 2536
3969 1662
3970 1384
3971 1801
3972 1422
3973 1204
3974 1211
3975 1513
3976 1583
3977 869
3978 518
3979 819
3980 707
3981 1124
3982 635
3983 1333
3984 459
3985 1150
3986 845
3987 1475
3988 1269
3989 740
3990 803
3991 572
3992 654
3993 1098
3994 1093
3995 1085
3996 793
3997 756
3998 962
3999 1647
4000 728
4001 578
4002 543
4003 740
4004 666
4005 1077
4006 1196
4007 934
4008 830
4009 544
4010 859
4011 549
4012 806
4013 578
4014 502
4015 661
4016 532
4017 1549
4018 817
4019 961
4020 1029
4021 974
4022 560
4023 1290
4024 907
4025 711
4026 646
4027 722
4028 1820
4029 1082
4030 982
4031 872
4032 1129
4033 808
4034 1445
4035 1202
4036 948
4037 980
4038 1980
4039 1524
4040 875
4041 1011
4042 1230
4043 592
4044 995
4045 1473
4046 1168
4047 1383
4048 554
4049 1655
4050 1015
4051 1554
4052 1157
4053 852
4054 759
4055 1360
4056 1383
4057 1278
4058 1860
4059 1513
4060 982
4061 1349
4062 824
4063 1009
4064 1116
4065 1610
4066 1942
4067 986
4068 731
4069 1180
4070 1099
4071 1131
4072 1004
4073 766
4074 1168
4075 935
4076 1019
4077 825
4078 1474
4079 1080
4080 1333
4081 1211
4082 700
4083 1249
4084 1431
4085 1027
4086 895
4087 729
4088 861
4089 1085
4090 792
4091 829
4092 1315
4093 764
4094 1133
4095 808
4096 1324
4097 896
4098 1404
4099 1174
4100 912
4101 1158
4102 1171
4103 1741
4104 1331
4105 1017
4106 1162
4107 913
4108 1361
4109 1295
4110 795
4111 923
4112 1121
4113 1151
4114 784
4115 1627
4116 1178
4117 757
4118 1324
4119 1118
4120 1279
4121 1482
4122 1506
4123 1485
4124 1458
4125 1191
4126 730
4127 739
4128 1301
4129 1214
4130 988
4131 1794
4132 988
4133 1905
4134 1209
4135 1357
4136 886
4137 1304
4138 995
4139 943
4140 1081
4141 1288
4142 800
4143 1727
4144 817
4145 799
4146 1400
4147 1677
4148 727
4149 951
4150 1245
4151 1797
4152 1212
4153 4075
4154 2677
4155 2048
4156 3180
4157 2093
4158 2638
4159 1212
4160 787
4161 1405
4162 861
4163 2095
4164 1997
4165 1302
4166 1281
4167 1481
4168 3286
4169 1252
4170 2180
4171 1706
4172 2338
4173 2028
4174 1681
4175 1042
4176 999
4177 1736
4178 1772
4179 2262
4180 1303
4181 918
4182 1569
4183 1069
4184 2043
4185 2736
4186 1310
4187 1875
4188 3051
4189 1242
4190 1429
4191 3295
4192 2921
4193 1200
4194 2390
4195 1469
4196 1639
4197 1760
4198 1934
4199 1655
4200 1524
4201 2218
4202 1335
4203 1102
4204 1653
4205 1209
4206 2559
4207 1233
4208 1977
4209 4054
4210 7770
4211 4420
4212 7771
4213 4794
4214 2615
4215 1581
4216 1997
4217 2063
4218 2633
4219 2225
4220 1365
4221 2183
4222 3583
4223 2089
4224 6682
4225 1278
4226 991
4227 1686
4228 9497
4229 5273
4230 1917
4231 2605
4232 2212
4233 7838
4234 1410
4235 1579
4236 3418
4237 3252
4238 4039
4239 8456
4240 6299
4241 8230
4242 1665
4243 4210
4244 3344
4245 1237
4246 1334
4247 3900
4248 1288
4249 1769
4250 1998
4251 4149
4252 1291
4253 3027
4254 957
4255 2200
4256 2505
4257 1368
4258 1103
4259 1162
4260 702
4261 2025
4262 1843
4263 840
4264 2298
4265 922
4266 1831
4267 1079
4268 849
4269 1384
4270 3841
4271 2527
4272 3010
4273 844
4274 700
4275 3148
4276 3251
4277 1978
4278 1404
4279 4338
4280 4853
4281 1322
4282 2858
4283 1373
4284 842
4285 2010
4286 1076
4287 1376
4288 1495
4289 1135
4290 5188
4291 592
4292 1136
4293 2318
4294 4636
4295 891
4296 1051
4297 840
4298 3888
4299 637
4300 1494
4301 1808
4302 1119
4303 727
4304 1441
4305 1595
4306 3086
4307 3639
4308 2649
4309 1445
4310 3172
4311 2044
4312 2112
4313 1889
4314 2628
4315 1270
4316 1651
4317 1112
4318 1484
4319 2080
4320 2221
4321 4377
4322 1525
4323 1538
4324 1736
4325 3435
4326 3639
4327 4637
4328 2277
4329 3011
4330 3025
4331 3423
4332 4335
4333 3027
4334 3963
4335 4485
4336 908
4337 1385
4338 5891
4339 1182
4340 3103
4341 2949
4342 1949
4343 2984
4344 1439
4345 2582
4346 2188
4347 1478
4348 3289
4349 3259
4350 4116
4351 4100
4352 5602
4353 2191
4354 1974
4355 1808
4356 1631
4357 2140
4358 2747
4359 3831
4360 2888
4361 2279
4362 1954
4363 1484
4364 2207
4365 2531
4366 1885
4367 1629
4368 2087
4369 2883
4370 1508
4371 2513
4372 1722
4373 2783
4374 4314
4375 3357
4376 3880
4377 2532
4378 2934
4379 1543
4380 3658
4381 1102
4382 2812
4383 3255
4384 1872
4385 1519
4386 2405
4387 2162
4388 3522
4389 3232
4390 2343
4391 2645
4392 3550
4393 4179
4394 5239
4395 3377
4396 2104
4397 2267
4398 2835
4399 4120
4400 2213
4401 3878
4402 4307
4403 3740
4404 2593
4405 2698
4406 3518
4407 3145
4408 4084
4409 3704
4410 2245
4411 2480
4412 2784
4413 4209
4414 1556
4415 4292
4416 6320
4417 4678
4418 2246
4419 1834
4420 3434
4421 1727
4422 1318
4423 3310
4424 2630
4425 1205
4426 3668
4427 3090
4428 2689
4429 3706
4430 3405
4431 2457
4432 2457
4433 6529
4434 4781
4435 1149
4436 3659
4437 3091
4438 4492
4439 3596
4440 3802
4441 1630
4442 2175
4443 2251
4444 2831
4445 1984
4446 2379
4447 3118
4448 3490
4449 2656
4450 3227
4451 2956
4452 2622
4453 2065
4454 3184
4455 2994
4456 2097
4457 3629
4458 1661
4459 4060
4460 4284
4461 3568
4462 1116
4463 1324
4464 2102
4465 1107
4466 813
4467 3100
4468 2615
4469 2873
4470 1256
4471 1576
4472 3423
4473 3814
4474 3845
4475 886
4476 932
4477 1107
4478 2282
4479 1171
4480 2538
4481 3617
4482 3535
4483 1365
4484 896
4485 1349
4486 1953
4487 277
4488 941
4489 963
4490 699
4491 895
4492 889
4493 1834
4494 1223
4495 578
4496 982
4497 1005
4498 793
4499 667
4500 2208
4501 961
4502 875
4503 1201
4504 827
4505 806
4506 1399
4507 2103
4508 535
4509 1374
4510 1051
4511 1627
4512 955
4513 830
4514 768
4515 1001
4516 1411
4517 791
4518 1754
4519 1041
4520 681
4521 1851
4522 1337
4523 1430
4524 923
4525 1202
4526 4939
4527 5411
4528 4489
4529 5244
4530 4828
4531 5305
4532 2769
4533 2004
4534 6094
4535 1776
4536 4515
4537 2231
4538 3836
4539 5695
4540 4835
4541 4747
4542 3145
4543 2478
4544 2416
4545 4040
4546 4015
4547 2726
4548 6418
4549 6752
4550 8998
4551 2029
4552 5974
4553 9925
4554 7312
4555 4701
4556 8465
4557 6278
4558 1835
4559 4624
4560 4942
4561 8400
4562 7289
4563 7981
4564 1789
4565 6552
4566 8962
4567 3610
4568 2391
4569 6533
4570 6840
4571 5314
4572 7395
4573 8775
4574 8682
4575 3418
4576 2189
4577 1196
4578 2211
4579 3233
4580 1805
4581 2144
4582 2802
4583 998
4584 2750
4585 3222
4586 1103
4587 1816
4588 2261
4589 2308
4590 2286
4591 2153
4592 3078
4593 2029
4594 3170
4595 3070
4596 2251
4597 912
4598 2858
4599 955
4600 1217
4601 4452
4602 3560
4603 1356
4604 4302
4605 5079
4606 2672
4607 2908
4608 1449
4609 4869
4610 2593
4611 4669
4612 1485
4613 2989
4614 2926
4615 3912
4616 5094
4617 2620
4618 1201
4619 4380
4620 4710
4621 1310
4622 1299
4623 1327
4624 1418
4625 2179
4626 2672
4627 2421
4628 2280
4629 2997
4630 2279
4631 2148
4632 1343
4633 2622
4634 899
4635 3273
4636 3188
4637 2275
4638 2221
4639 2780
4640 3645
4641 2601
4642 2272
4643 3151
4644 2996
4645 1043
4646 930
4647 2860
4648 2428
4649 3057
4650 4369
4651 1314
4652 4516
4653 889
4654 1355
4655 3239
4656 2487
4657 1546
4658 2384
4659 1356
4660 4509
4661 2987
4662 1511
4663 1313
4664 1465
4665 4169
4666 2592
4667 1795
4668 3693
4669 1088
4670 1185
4671 2795
4672 1439
4673 1193
4674 3048
4675 3262
4676 1341
4677 1489
4678 1509
4679 1251
4680 2470
4681 807
4682 4018
4683 1380
4684 1310
4685 2905
4686 1073
4687 2399
4688 2055
4689 2329
4690 1147
4691 1266
4692 1116
4693 2139
4694 2656
4695 3663
4696 2791
4697 1171
4698 1190
4699 1184
4700 2188
4701 1986
4702 2426
4703 1186
4704 1063
4705 2325
4706 3290
4707 1346
4708 2220
4709 1215
4710 904
4711 2690
4712 1720
4713 1546
4714 589
4715 2539
4716 2136
4717 1434
4718 1642
4719 708
4720 2623
4721 892
4722 1738
4723 1761
4724 683
4725 2223
4726 2219
4727 2547
4728 650
4729 1552
4730 4744
4731 1259
4732 2441
4733 2684
4734 2999
4735 2615
4736 2696
4737 2255
4738 3713
4739 4038
4740 2404
4741 1191
4742 2210
4743 2144
4744 1519
4745 1267
4746 4338
4747 2434
4748 2934
4749 5254
4750 2334
4751 2735
4752 2538
4753 4118
4754 2765
4755 4337
4756 2096
4757 3924
4758 4133
4759 4697
4760 4860
4761 4120
4762 3896
4763 3932
4764 4309
4765 5438
4766 5871
4767 3152
4768 4336
4769 3532
4770 3721
4771 3857
4772 1922
4773 2820
4774 1944
4775 2008
4776 1005
4777 2011
4778 2659
4779 1197
4780 1905
4781 1748
4782 2739
4783 1173
4784 2437
4785 1455
4786 1672
4787 3012
4788 1699
4789 1624
4790 1009
4791 726
4792 1927
4793 1111
4794 1209
4795 900
4796 1014
4797 2277
4798 2444
4799 989
4800 1252
4801 1343
4802 819
4803 3808
4804 3608
4805 3337
4806 1261
4807 2276
4808 1132
4809 3068
4810 1198
4811 1203
4812 1120
4813 1428
4814 1237
4815 3042
4816 1182
4817 914
4818 1925
4819 3375
4820 1488
4821 2841
4822 1546
4823 1299
4824 1259
4825 2836
4826 2133
4827 4288
4828 3259
4829 2535
4830 1590
4831 1281
4832 4033
4833 2950
4834 3173
4835 1306
4836 3023
4837 2750
4838 4212
4839 2971
4840 3305
4841 2670
4842 1329
4843 2832
4844 1377
4845 2956
4846 4138
4847 2143
4848 2064
4849 1231
4850 2341
4851 1208
4852 762
4853 1016
4854 3554
4855 1205
4856 1108
4857 2258
4858 2241
4859 2050
4860 1119
4861 1202
4862 1330
4863 4173
4864 2264
4865 672
4866 2496
4867 1233
4868 1820
4869 1082
4870 1834
4871 3317
4872 1057
4873 1030
4874 1073
4875 1068
4876 3570
4877 1160
4878 2423
4879 1108
4880 2831
4881 1102
4882 4774
4883 3352
4884 1954
4885 2090
4886 2347
4887 1436
4888 2618
4889 2344
4890 996
4891 1996
4892 983
4893 2309
4894 1408
4895 2277
4896 837
4897 1826
4898 3591
4899 2051
4900 1052
4901 1006
4902 2001
4903 2153
4904 1795
4905 2156
4906 1811
4907 1005
4908 3132
4909 2319
4910 2953
4911 1060
4912 2165
4913 2910
4914 1924
4915 784
4916 849
4917 1486
4918 2260
4919 2222
4920 1660
4921 2860
4922 2652
4923 1933
4924 2817
4925 1616
4926 3275
4927 2974
4928 2704
4929 2908
4930 2981
4931 2979
4932 1016
4933 3308
4934 1885
4935 3019
4936 2125
4937 1181
4938 2673
4939 2250
4940 989
4941 2092
4942 3198
4943 2855
4944 3555
4945 1070
4946 1010
4947 3859
4948 2825
4949 2044
4950 2079
4951 2130
4952 3067
4953 1762
4954 1947
4955 1157
4956 3515
4957 904
4958 2214
4959 878
4960 2102
4961 3844
4962 1721
4963 2898
4964 1888
4965 2153
4966 2140
4967 2351
4968 2486
4969 1716
4970 3319
4971 3401
4972 1687
4973 2934
4974 1746
4975 2147
4976 3178
4977 2147
4978 2771
4979 1150
4980 1068
4981 1178
4982 1517
4983 2325
4984 2246
4985 2490
4986 1087
4987 4633
4988 1168
4989 1150
4990 2521
4991 1407
4992 1329
4993 1415
4994 2787
4995 1475
4996 2698
4997 2688
4998 2165
4999 2401
5000 2171
5001 2398
5002 1234
5003 3137
5004 2889
5005 2875
5006 1031
5007 1403
5008 2709
5009 1240
5010 3494
5011 1146
5012 2675
5013 2902
5014 1193
5015 1181
5016 2833
5017 1093
5018 3201
5019 2858
5020 1161
5021 3747
5022 1096
5023 3446
5024 2491
5025 1032
5026 3297
5027 2187
5028 925
5029 1036
5030 2989
5031 1042
5032 3523
5033 2424
5034 1074
5035 1101
5036 2062
5037 3770
5038 2452
5039 2296
5040 3192
5041 2592
5042 3529
5043 2589
5044 2700
5045 3454
5046 1123
5047 1984
5048 2180
5049 2053
5050 1107
5051 2676
5052 2328
5053 3352
5054 974
5055 1992
5056 1170
5057 1116
5058 2322
5059 1043
5060 1996
5061 2249
5062 1750
5063 1908
5064 2297
5065 2127
5066 3805
5067 3072
5068 2917
5069 935
5070 3134
5071 2803
5072 1924
5073 2076
5074 3351
5075 2072
5076 3533
5077 3561
5078 2282
5079 3031
5080 2131
5081 2185
5082 2034
5083 3460
5084 2361
5085 3364
5086 3934
5087 4306
5088 4254
5089 2243
5090 1098
5091 3067
5092 2547
5093 3978
5094 4196
5095 2339
5096 1256
5097 1208
5098 2293
5099 4057
5100 3259
5101 3075
5102 1248
5103 1109
5104 1123
5105 1297
5106 1154
5107 1259
5108 4038
5109 3503
5110 2804
5111 1353
5112 2498
5113 1106
5114 1279
5115 4021
5116 1210
5117 1290
5118 4004
5119 2769
5120 1253
5121 1523
5122 1266
5123 1250
5124 1198
5125 1195
5126 3654
5127 1239
5128 1155
5129 2245
5130 2203
5131 2132
5132 2413
5133 2175
5134 1899
5135 1029
5136 1195
5137 2857
5138 2455
5139 3744
5140 1951
5141 3005
5142 1996
5143 1186
5144 2510
5145 2004
5146 3151
5147 1095
5148 2505
5149 2723
5150 3395
5151 3350
5152 2529
5153 2621
5154 2255
5155 3431
5156 2419
5157 3705
5158 3571
5159 3818
5160 2636
5161 2419
5162 2192
5163 4232
5164 2487
5165 58
5166 29
5167 753
5168 35
5169 2613
5170 1845
5171 880
5172 1942
5173 1702
5174 910
5175 735
5176 799
5177 829
5178 1651
5179 2163
5180 2237
5181 984
5182 1455
5183 947
5184 2925
5185 868
5186 3025
5187 3016
5188 1813
5189 2825
5190 2984
5191 2625
5192 2011
5193 839
5194 753
5195 821
5196 928
5197 892
5198 799
5199 2986
5200 1586
5201 3763
5202 3590
5203 3514
5204 3190
5205 3624
5206 3636
5207 3672
5208 3208
5209 3594
5210 3010
5211 3542
5212 3254
5213 3101
5214 3135
5215 3348
5216 2468
5217 1002
5218 2874
5219 3151
5220 2747
5221 3129
5222 964
5223 3155
5224 1003
5225 927
5226 2058
5227 967
5228 3688
5229 2802
5230 1950
5231 3091
5232 3436
5233 2087
5234 2872
5235 735
5236 1511
5237 730
5238 2407
5239 2446
5240 1732
5241 2365
5242 2363
5243 2074
5244 460
5245 1557
5246 736
5247 2374
5248 1182
5249 2548
5250 1205
5251 1579
5252 1409
5253 798
5254 3069
5255 687
5256 2088
5257 743
5258 1720
5259 1650
5260 1182
5261 770
5262 827
5263 669
5264 629
5265 646
5266 702
5267 701
5268 669
5269 495
5270 1393
5271 1334
5272 760
5273 689
5274 732
5275 781
5276 550
5277 525
5278 621
5279 688
5280 1370
5281 2070
5282 746
5283 1278
5284 1266
5285 500
5286 662
5287 637
5288 668
5289 600
5290 2425
5291 1265
5292 996
5293 1220
5294 1013
5295 928
5296 854
5297 1061
5298 2678
5299 852
5300 1015
5301 958
5302 1105
5303 768
5304 931
5305 1006
5306 892
5307 1097
5308 1012
5309 907
5310 1113
5311 962
5312 1171
5313 957
5314 1246
5315 1475
5316 1726
5317 663
5318 875
5319 2256
5320 1017
5321 1092
5322 1025
5323 2013
5324 822
5325 1064
5326 1276
5327 1140
5328 1084
5329 955
5330 1026
5331 1097
5332 1012
5333 1221
5334 1075
5335 833
5336 1131
5337 4731
5338 1335
5339 2555
5340 2611
5341 2386
5342 2455
5343 2604
5344 1136
5345 2681
5346 2393
5347 2816
5348 2868
5349 2962
5350 3000
5351 3715
5352 2890
5353 4489
5354 3148
5355 2800
5356 3252
5357 1227
5358 2524
5359 1153
5360 1555
5361 2364
5362 2238
5363 2306
5364 2133
5365 2137
5366 1991
5367 3571
5368 2327
5369 2048
5370 2672
5371 1163
5372 1371
5373 1810
5374 1328
5375 1347
5376 2264
5377 2962
5378 2613
5379 2266
5380 3186
5381 2244
5382 3286
5383 3197
5384 3680
5385 3152
5386 4050
5387 2390
5388 1854
5389 2357
5390 2618
5391 2864
5392 2558
5393 2463
5394 3925
5395 2511
5396 3357
5397 2924
5398 3248
5399 1961
5400 2122
5401 2716
5402 944
5403 748
5404 1009
5405 929
5406 901
5407 905
5408 2732
5409 877
5410 1374
5411 856
5412 1905
5413 907
5414 862
5415 852
5416 1515
5417 2441
5418 2994
5419 775
5420 912
5421 931
5422 897
5423 2981
5424 2437
5425 2461
5426 2300
5427 2536
5428 3572
5429 1931
5430 2464
5431 2324
5432 2658
5433 3934
5434 1909
5435 2292
5436 2879
5437 3075
5438 3903
5439 2181
5440 2657
5441 2018
5442 3583
5443 1186
5444 2415
5445 3196
5446 923
5447 2030
5448 1034
5449 2010
5450 1014
5451 2154
5452 2014
5453 2012
5454 931
5455 1756
5456 1168
5457 2163
5458 1095
5459 1931
5460 2056
5461 1166
5462 2307
5463 1897
5464 1990
5465 1248
5466 842
5467 961
5468 1916
5469 2572
5470 1028
5471 1097
5472 3103
5473 1271
5474 1009
5475 964
5476 1920
5477 2930
5478 2217
5479 1764
5480 2036
5481 2503
5482 1715
5483 1926
5484 2249
5485 2474
5486 2225
5487 2358
5488 1914
5489 2853
5490 3145
5491 2575
5492 1277
5493 869
5494 3147
5495 2236
5496 2176
5497 1015
5498 2887
5499 2867
5500 2505
5501 2250
5502 2768
5503 1193
5504 1860
5505 2540
5506 2348
5507 3907
5508 3714
5509 1098
5510 2594
5511 2512
5512 2009
5513 3229
5514 1986
5515 2339
5516 1298
5517 2303
5518 1099
5519 2391
5520 3737
5521 1177
5522 2626
5523 1207
5524 1042
5525 3459
5526 3588
5527 4459
5528 3415
5529 4137
5530 1194
5531 3849
5532 2565
5533 1390
5534 1213
5535 1146
5536 2217
5537 2388
5538 1155
5539 4403
5540 1299
5541 3709
5542 3515
5543 1260
5544 1300
5545 1135
5546 2214
5547 1286
5548 4137
5549 3078
5550 3341
5551 4131
5552 2730
5553 2908
5554 2952
5555 2687
5556 3428
5557 3434
5558 5462
5559 2653
5560 3900
5561 2413
5562 2069
5563 2936
5564 2857
5565 4462
5566 1708
5567 987
5568 713
5569 1621
5570 1788
5571 1705
5572 2755
5573 1711
5574 934
5575 1813
5576 935
5577 1817
5578 2676
5579 2858
5580 791
5581 1654
5582 1004
5583 772
5584 895
5585 1858
5586 817
5587 735
5588 2913
5589 1461
5590 2206
5591 1085
5592 1003
5593 2039
5594 2253
5595 2684
5596 1208
5597 1152
5598 2192
5599 2406
5600 2309
5601 1894
5602 1048
5603 2475
5604 1324
5605 2544
5606 927
5607 2558
5608 2193
5609 895
5610 843
5611 2128
5612 1146
5613 2122
5614 2326
5615 1156
5616 2379
5617 1056
5618 1058
5619 2154
5620 1146
5621 1194
5622 1142
5623 2635
5624 1357
5625 996
5626 1155
5627 2415
5628 1235
5629 2560
5630 2200
5631 1227
5632 1090
5633 1110
5634 1073
5635 2020
5636 940
5637 1249
5638 1464
5639 1280
5640 1157
5641 2174
5642 2493
5643 2205
5644 1043
5645 1191
5646 1053
5647 3324
5648 4345
5649 1509
5650 4326
5651 3037
5652 4109
5653 3104
5654 2964
5655 2929
5656 4762
5657 3013
5658 1487
5659 1312
5660 2630
5661 1631
5662 3040
5663 2902
5664 2964
5665 1461
5666 1349
5667 1559
5668 2715
5669 2914
5670 3046
5671 1318
5672 1757
5673 2727
5674 2940
5675 2807
5676 910
5677 860
5678 870
5679 861
5680 898
5681 1652
5682 1956
5683 874
5684 713
5685 3108
5686 973
5687 919
5688 799
5689 868
5690 2989
5691 874
5692 833
5693 1227
5694 1096
5695 1719
5696 808
5697 1778
5698 863
5699 847
5700 764
5701 812
5702 872
5703 803
5704 1234
5705 890
5706 716
5707 867
5708 1594
5709 1764
5710 767
5711 2588
5712 2760
5713 855
5714 832
5715 764
5716 1730
5717 2170
5718 2802
5719 2438
5720 2191
5721 3184
5722 2072
5723 2218
5724 2283
5725 2115
5726 2046
5727 3276
5728 1446
5729 1417
5730 2373
5731 1175
5732 2487
5733 1146
5734 1397
5735 1056
5736 2589
5737 3018
5738 1279
5739 1093
5740 1047
5741 2765
5742 2581
5743 1436
5744 1209
5745 1364
5746 1533
5747 2366
5748 1231
5749 2519
5750 4457
5751 3776
5752 2142
5753 1826
5754 808
5755 607
5756 940
5757 910
5758 1115
5759 1056
5760 1057
5761 935
5762 918
5763 2727
5764 1078
5765 909
5766 1208
5767 835
5768 1210
5769 1378
5770 896
5771 1055
5772 829
5773 757
5774 860
5775 2053
5776 1447
5777 1104
5778 974
5779 1860
5780 1027
5781 1087
5782 990
5783 980
5784 1889
5785 1977
5786 1795
5787 1522
5788 2806
5789 3434
5790 2951
5791 750
5792 805
5793 2249
5794 2370
5795 1048
5796 1226
5797 2485
5798 3123
5799 1016
5800 929
5801 1180
5802 1190
5803 2082
5804 1104
5805 1234
5806 2682
5807 1033
5808 2350
5809 1984
5810 2094
5811 2335
5812 996
5813 949
5814 1062
5815 2205
5816 939
5817 953
5818 992
5819 1840
5820 1025
5821 1116
5822 1088
5823 2519
5824 3428
5825 1084
5826 929
5827 2049
5828 2979
5829 2862
5830 2035
5831 2100
5832 2568
5833 2588
5834 1903
5835 1849
5836 2944
5837 2033
5838 1900
5839 2043
5840 2900
5841 2897
5842 1560
5843 1695
5844 1755
5845 2513
5846 1830
5847 2022
5848 2266
5849 927
5850 1009
5851 2449
5852 1518
5853 1528
5854 2862
5855 937
5856 2655
5857 1337
5858 2745
5859 2462
5860 2791
5861 836
5862 2394
5863 794
5864 1824
5865 803
5866 2552
5867 2102
5868 927
5869 3217
5870 2761
5871 1708
5872 2636
5873 2742
5874 2679
5875 2457
5876 2722
5877 2707
5878 2869
5879 2501
5880 2511
5881 1784
5882 1897
5883 3366
5884 2906
5885 3105
5886 3033
5887 3186
5888 2061
5889 4130
5890 3232
5891 1767
5892 2880
5893 1617
5894 1896
5895 3262
5896 2161
5897 2564
5898 2814
5899 920
5900 2545
5901 3538
5902 3563
5903 2401
5904 3701
5905 3430
5906 3081
5907 2999
5908 3906
5909 3484
5910 2333
5911 2306
5912 1029
5913 2294
5914 2394
5915 3366
5916 3340
5917 2868
5918 3926
5919 3917
5920 2225
5921 2934
5922 1949
5923 3020
5924 2878
5925 3267
5926 2870
5927 3092
5928 2852
5929 2857
5930 1105
5931 2596
5932 3200
5933 2717
5934 2250
5935 2492
5936 1979
5937 3576
5938 2764
5939 1028
5940 895
5941 1212
5942 270
5943 932
5944 346
5945 417
5946 1285
5947 1354
5948 777
5949 296
5950 257
5951 296
5952 755
5953 735
5954 447
5955 786
5956 824
5957 423
5958 1518
5959 2498
5960 2639
5961 969
5962 2717
5963 1735
5964 1651
5965 2345
5966 884
5967 880
5968 784
5969 1914
5970 2325
5971 2659
5972 1893
5973 3418
5974 719
5975 1604
5976 3339
5977 6143
5978 5974
5979 6559
5980 6917
5981 6046
5982 5570
5983 6239
5984 4039
5985 5557
5986 2721
5987 3372
5988 2904
5989 3463
5990 3629
5991 2582
5992 3419
5993 4007
5994 3111
5995 3185
5996 2986
5997 2896
5998 2636
5999 3014
6000 2546
6001 3078
6002 976
6003 2287
6004 1227
6005 3874
6006 1069
6007 2068
6008 2373
6009 4016
6010 3960
6011 2078
6012 1197
6013 3346
6014 2527
6015 2609
6016 2245
6017 1257
6018 2713
6019 3008
6020 2875
6021 2531
6022 2852
6023 2833
6024 2650
6025 3113
6026 2958
6027 1410
6028 2692
6029 2730
6030 1343
6031 3091
6032 2252
6033 2415
6034 2697
6035 2358
6036 2955
6037 3170
6038 2964
6039 2522
6040 2470
6041 3290
6042 2225
6043 1517
6044 2672
6045 1396
6046 1238
6047 2411
6048 1266
6049 2526
6050 1183
6051 2530
6052 2770
6053 1292
6054 2902
6055 1287
6056 2505
6057 3145
6058 1747
6059 4754
6060 1300
6061 1236
6062 4004
6063 2459
6064 1264
6065 1410
6066 1553
6067 1238
6068 4805
6069 2837
6070 1501
6071 1204
6072 1421
6073 1118
6074 2643
6075 1446
6076 2721
6077 4273
6078 5702
6079 6009
6080 5607
6081 3509
6082 7190
6083 6016
6084 4169
6085 7006
6086 6006
6087 6946
6088 6097
6089 4380
6090 5786
6091 3984
6092 6258
6093 3451
6094 1658
6095 3684
6096 2161
6097 2895
6098 2467
6099 3099
6100 3306
6101 2913
6102 1190
6103 2439
6104 1081
6105 1354
6106 2494
6107 3054
6108 2402
6109 2287
6110 3169
6111 2560
6112 1055
6113 984
6114 1094
6115 1018
6116 2572
6117 1940
6118 1129
6119 2349
6120 2444
6121 2978
6122 3499
6123 1006
6124 2939
6125 2826
6126 2249
6127 3049
6128 1902
6129 2004
6130 1763
6131 2323
6132 1958
6133 3046
6134 3077
6135 2778
6136 906
6137 1955
6138 2865
6139 3455
6140 3107
6141 3989
6142 3343
6143 3325
6144 3393
6145 2348
6146 3847
6147 2991
6148 2758
6149 3513
6150 3428
6151 3198
6152 3220
6153 2509
6154 2424
6155 3661
6156 3442
6157 1313
6158 3008
6159 2601
6160 4135
6161 2733
6162 4406
6163 3273
6164 3530
6165 2678
6166 4463
6167 2760
6168 4726
6169 2612
6170 3910
6171 3598
6172 3620
6173 2847
6174 2818
6175 2717
6176 3050
6177 4330
6178 2289
6179 3343
6180 2038
6181 935
6182 1530
6183 1188
6184 2611
6185 1387
6186 3100
6187 3525
6188 3092
6189 1175
6190 2950
6191 3838
6192 4280
6193 1224
6194 5797
6195 4679
6196 2681
6197 5375
6198 3768
6199 3840
6200 2574
6201 3980
6202 2789
6203 2601
6204 919
6205 2162
6206 3081
6207 1118
6208 1990
6209 2183
6210 3012
6211 3086
6212 3543
6213 1201
6214 1164
6215 1045
6216 2606
6217 2414
6218 2548
6219 2029
6220 2395
6221 2056
6222 2274
6223 2146
6224 760
6225 1124
6226 2304
6227 1129
6228 980
6229 1104
6230 2307
6231 1162
6232 2880
6233 2223
6234 2359
6235 1793
6236 4193
6237 2963
6238 3273
6239 3911
6240 3964
6241 3990
6242 3745
6243 2923
6244 3936
6245 3363
6246 3906
6247 2128
6248 2041
6249 2016
6250 1690
6251 1742
6252 1904
6253 1251
6254 2138
6255 1887
6256 1938
6257 1874
6258 1662
6259 2097
6260 1131
6261 1013
6262 1988
6263 1849
6264 2101
6265 952
6266 1979
6267 2921
6268 1598
6269 2106
6270 2087
6271 2052
6272 3303
6273 980
6274 964
6275 3338
6276 2049
6277 2342
6278 3933
6279 2057
6280 1861
6281 2141
6282 2121
6283 1096
6284 3169
6285 1275
6286 1306
6287 2688
6288 1237
6289 4428
6290 1376
6291 2845
6292 3495
6293 1257
6294 1134
6295 2876
6296 1540
6297 2759
6298 2727
6299 3027
6300 1491
6301 2716
6302 1584
6303 2238
6304 2692
6305 2358
6306 2654
6307 3248
6308 1390
6309 3475
6310 3098
6311 2756
6312 3157
6313 3097
6314 2556
6315 3020
6316 2464
6317 2984
6318 820
6319 760
6320 462
6321 1755
6322 729
6323 1636
6324 1782
6325 1344
6326 2178
6327 843
6328 823
6329 1552
6330 2338
6331 2433
6332 2429
6333 1468
6334 1250
6335 725
6336 726
6337 1444
6338 1607
6339 719
6340 745
6341 743
6342 931
6343 771
6344 1008
6345 2246
6346 2367
6347 2550
6348 2991
6349 2674
6350 2604
6351 3134
6352 2852
6353 2819
6354 3489
6355 3221
6356 2570
6357 2827
6358 3319
6359 2950
6360 2886
6361 3184
6362 2852
6363 2671
6364 2859
6365 909
6366 957
6367 1907
6368 1077
6369 1913
6370 3201
6371 819
6372 1106
6373 1982
6374 1952
6375 1711
6376 1694
6377 1950
6378 834
6379 1966
6380 968
6381 1027
6382 919
6383 2110
6384 1730
6385 1089
6386 809
6387 928
6388 867
6389 2674
6390 957
6391 884
6392 2283
6393 1546
6394 856
6395 891
6396 912
6397 1738
6398 915
6399 815
6400 838
6401 1967
6402 2449
6403 1727
6404 2823
6405 1124
6406 865
6407 1881
6408 2483
6409 3044
6410 969
6411 2193
6412 1931
6413 1737
6414 1723
6415 773
6416 1778
6417 883
6418 790
6419 2830
6420 4086
6421 4948
6422 6180
6423 2973
6424 2876
6425 4626
6426 3545
6427 4427
6428 6001
6429 5443
6430 1863
6431 2432
6432 2703
6433 3166
6434 2261
6435 1159
6436 2137
6437 1109
6438 3411
6439 2106
6440 2245
6441 834
6442 3027
6443 1299
6444 3092
6445 956
6446 1160
6447 1998
6448 1077
6449 2380
6450 3120
6451 883
6452 2355
6453 2116
6454 2240
6455 1165
6456 4011
6457 2220
6458 1061
6459 1134
6460 1027
6461 1178
6462 866
6463 1123
6464 3308
6465 934
6466 1175
6467 3406
6468 2236
6469 3206
6470 960
6471 1806
6472 2130
6473 1859
6474 2206
6475 2063
6476 742
6477 1398
6478 987
6479 2221
6480 834
6481 1110
6482 887
6483 2208
6484 1893
6485 866
6486 3293
6487 3763
6488 1196
6489 2020
6490 2590
6491 2156
6492 2754
6493 1442
6494 2786
6495 2682
6496 1333
6497 1906
6498 2628
6499 2962
6500 1500
6501 3155
6502 2353
6503 4207
6504 3119
6505 2267
6506 1322
6507 2674
6508 1690
6509 474
6510 1481
6511 3911
6512 2998
6513 2245
6514 1275
6515 2256
6516 3395
6517 1070
6518 974
6519 1433
6520 1337
6521 1120
6522 1064
6523 1269
6524 4048
6525 2278
6526 1072
6527 1033
6528 2721
6529 1554
6530 1309
6531 2860
6532 1501
6533 1044
6534 1274
6535 1210
6536 1413
6537 1248
6538 962
6539 2630
6540 1104
6541 1393
6542 1151
6543 1148
6544 1086
6545 1223
6546 1022
6547 1360
6548 1001
6549 1187
6550 1035
6551 1401
6552 1116
6553 1518
6554 1051
6555 2616
6556 2806
6557 2304
6558 3778
6559 2192
6560 2448
6561 3871
6562 3637
6563 4423
6564 3867
6565 2528
6566 2280
6567 3590
6568 2492
6569 2659
6570 2474
6571 2612
6572 2521
6573 2536
6574 3498
6575 3486
6576 3906
6577 3554
6578 3624
6579 3763
6580 3592
6581 3267
6582 5638
6583 3315
6584 2862
6585 3855
6586 3505
6587 3144
6588 3310
6589 2286
6590 2127
6591 2312
6592 2732
6593 2483
6594 1853
6595 2403
6596 2465
6597 3401
6598 1855
6599 1592
6600 2326
6601 2307
6602 2099
6603 2235
6604 2611
6605 2512
6606 1851
6607 2180
6608 2118
6609 2051
6610 1313
6611 2362
6612 2328
6613 1110
6614 2332
6615 2436
6616 2515
6617 2503
6618 3279
6619 1123
6620 2060
6621 2469
6622 2186
6623 2029
6624 3559
6625 4046
6626 4741
6627 4061
6628 4371
6629 5369
6630 5166
6631 4780
6632 4626
6633 4521
6634 4566
6635 5226
6636 4340
6637 4807
6638 2960
6639 3428
6640 1542
6641 3051
6642 2927
6643 1221
6644 3272
6645 3123
6646 1644
6647 3487
6648 2688
6649 1523
6650 3076
6651 3389
6652 3402
6653 1461
6654 1705
6655 3755
6656 2981
6657 3356
6658 3360
6659 1555
6660 2400
6661 3143
6662 3658
6663 3511
6664 1407
6665 3083
6666 3006
6667 2428
6668 2996
6669 2786
6670 2991
6671 2393
6672 2817
6673 3000
6674 2697
6675 3028
6676 3196
6677 2735
6678 2667
6679 3420
6680 3308
6681 2793
6682 2902
6683 3055
6684 3015
6685 2699
6686 2335
6687 4122
6688 1139
6689 1109
6690 1755
6691 2692
6692 994
6693 2331
6694 920
6695 2973
6696 2476
6697 1085
6698 1027
6699 3242
6700 1224
6701 3223
6702 3092
6703 695
6704 2147
6705 1521
6706 3636
6707 2669
6708 3271
6709 3392
6710 3219
6711 659
6712 1036
6713 2486
6714 2002
6715 3158
6716 1051
6717 936
6718 1848
6719 1857
6720 1724
6721 1808
6722 3139
6723 2870
6724 3122
6725 2952
6726 3517
6727 3127
6728 1892
6729 994
6730 2050
6731 3142
6732 891
6733 798
6734 1411
6735 2450
6736 3018
6737 3434
6738 3709
6739 3780
6740 3256
6741 3846
6742 3107
6743 3129
6744 2084
6745 3632
6746 3584
6747 3521
6748 3887
6749 2920
6750 2626
6751 1085
6752 1264
6753 1417
6754 3242
6755 2663
6756 2667
6757 2951
6758 4513
6759 2717
6760 2737
6761 2955
6762 2725
6763 3471
6764 2307
6765 3978
6766 2541
6767 3534
6768 1364
6769 1442
6770 2536
6771 1299
6772 2719
6773 2436
6774 2519
6775 2209
6776 3544
6777 4193
6778 2359
6779 2688
6780 3870
6781 1262
6782 2574
6783 1127
6784 1396
6785 3330
6786 3323
6787 1578
6788 2265
6789 1053
6790 1188
6791 2655
6792 1297
6793 1099
6794 1143
6795 1518
6796 1203
6797 3855
6798 1255
6799 1451
6800 1263
6801 1078
6802 2138
6803 2210
6804 2457
6805 982
6806 2555
6807 2624
6808 3451
6809 4415
6810 4144
6811 2715
6812 3368
6813 3070
6814 2186
6815 3586
6816 2418
6817 3388
6818 3779
6819 3843
6820 2813
6821 1239
6822 951
6823 3948
6824 1093
6825 1310
6826 1216
6827 1149
6828 3253
6829 3435
6830 2697
6831 2462
6832 3487
6833 1329
6834 1265
6835 1094
6836 2391
6837 3559
6838 3437
6839 3401
6840 4059
6841 2848
6842 1017
6843 2075
6844 2212
6845 2352
6846 968
6847 3215
6848 3534
6849 2909
6850 2556
6851 3198
6852 3663
6853 3559
6854 3367
6855 3875
6856 3620
6857 3127
6858 3251
6859 3343
6860 2963
6861 2644
6862 3294
6863 2134
6864 3331
6865 2983
6866 3237
6867 3454
6868 3772
6869 3155
6870 3056
6871 2718
6872 3094
6873 3313
6874 3032
6875 3188
6876 2936
6877 3591
6878 2809
6879 2233
6880 2448
6881 1957
6882 1500
6883 2456
6884 2208
6885 2883
6886 2511
6887 1800
6888 1489
6889 1967
6890 2367
6891 1992
6892 2693
6893 3029
6894 2727
6895 1625
6896 1705
6897 2076
6898 1916
6899 1020
6900 2606
6901 2946
6902 3665
6903 3479
6904 3632
6905 3251
6906 3057
6907 3183
6908 3412
6909 2461
6910 3231
6911 3296
6912 3378
6913 3000
6914 3520
6915 3494
6916 3156
6917 2911
6918 2327
6919 4193
6920 2973
6921 3212
6922 2779
6923 2866
6924 3862
6925 3127
6926 1918
6927 2077
6928 2869
6929 1566
6930 3159
6931 1301
6932 1377
6933 1021
6934 1489
6935 1354
6936 1220
6937 1358
6938 1818
6939 908
6940 1114
6941 1317
6942 1167
6943 1153
6944 1398
6945 2537
6946 1232
6947 474
6948 1400
6949 1291
6950 2450
6951 1015
6952 1051
6953 2063
6954 2565
6955 1325
6956 1362
6957 2835
6958 1145
6959 2417
6960 1025
6961 1204
6962 2562
6963 1457
6964 1420
6965 5484
6966 3308
6967 2521
6968 4524
6969 3402
6970 2950
6971 1407
6972 3004
6973 3941
6974 5129
6975 1376
6976 1454
6977 1418
6978 3597
6979 4801
6980 5344
6981 4020
6982 1561
6983 1471
6984 2848
6985 3757
6986 5158
6987 4407
6988 2820
6989 3201
6990 500
6991 1971
6992 2973
6993 2241
6994 3038
6995 2335
6996 3132
6997 2943
6998 3590
6999 3139
7000 2066
7001 3571
7002 1659
7003 2645
7004 2082
7005 2947
7006 4183
7007 1218
7008 1286
7009 2670
7010 2422
7011 3349
7012 1299
7013 3650
7014 4261
7015 4357
7016 4125
7017 1145
7018 2359
7019 2875
7020 3095
7021 3787
7022 2840
7023 1501
7024 4098
7025 2450
7026 3312
7027 1218
7028 2783
7029 2031
7030 1794
7031 2217
7032 2067
7033 3673
7034 3759
7035 3126
7036 3303
7037 3735
7038 2279
7039 2192
7040 4460
7041 4147
7042 2332
7043 3433
7044 3318
7045 1198
7046 4082
7047 1273
7048 3749
7049 2227
7050 3510
7051 1277
7052 1176
7053 3732
7054 3762
7055 2565
7056 2383
7057 2342
7058 4049
7059 1032
7060 1110
7061 3786
7062 3827
7063 1115
7064 2395
7065 4752
7066 3134
7067 3397
7068 2794
7069 1451
7070 3007
7071 3132
7072 1011
7073 965
7074 2329
7075 1965
7076 2115
7077 999
7078 2183
7079 2855
7080 1653
7081 3280
7082 2187
7083 2098
7084 1100
7085 2372
7086 1199
7087 2239
7088 1992
7089 2756
7090 2023
7091 3284
7092 2719
7093 2663
7094 3396
7095 2040
7096 3890
7097 1083
7098 3958
7099 2931
7100 3008
7101 2711
7102 2827
7103 2340
7104 2205
7105 3288
7106 1937
7107 3545
7108 2420
7109 2535
7110 3478
7111 1041
7112 2035
7113 2080
7114 2950
7115 2236
7116 1195
7117 1077
7118 2717
7119 1076
7120 2728
7121 2702
7122 1510
7123 1443
7124 2781
7125 2900
7126 1109
7127 2924
7128 2042
7129 2936
7130 3918
7131 2887
7132 4317
7133 2806
7134 2668
7135 2417
7136 3444
7137 3959
7138 4947
7139 2688
7140 2621
7141 1200
7142 2644
7143 2772
7144 2401
7145 3952
7146 2520
7147 4398
7148 2519
7149 3895
7150 4525
7151 5110
7152 4289
7153 2896
7154 1184
7155 3103
7156 2513
7157 3309
7158 4143
7159 3827
7160 3255
7161 2911
7162 3167
7163 4255
7164 2318
7165 4253
7166 2302
7167 1870
7168 3344
7169 1806
7170 2199
7171 2608
7172 2248
7173 1771
7174 2362
7175 1764
7176 2258
7177 3243
7178 2446
7179 1035
7180 2164
7181 1606
7182 1582
7183 1977
7184 2092
7185 2273
7186 2535
7187 2319
7188 2175
7189 1034
7190 2838
7191 929
7192 4459
7193 2573
7194 2193
7195 1171
7196 2780
7197 1088
7198 2460
7199 3032
7200 2003
7201 1888
7202 3147
7203 3449
7204 3041
7205 2484
7206 2206
7207 3201
7208 3519
7209 3574
7210 2118
7211 3211
7212 3864
7213 2681
7214 3858
7215 2659
7216 2977
7217 4731
7218 3248
7219 3528
7220 3308
7221 3489
7222 3272
7223 3326
7224 3856
7225 3636
7226 2978
7227 3168
7228 1796
7229 1110
7230 1893
7231 3637
7232 3637
7233 3154
7234 3153
7235 3607
7236 3215
7237 3715
7238 2006
7239 3361
7240 2975
7241 1902
7242 1897
7243 1078
7244 2985
7245 1002
7246 1923
7247 2396
7248 2606
7249 2472
7250 2365
7251 709
7252 2442
7253 1767
7254 1462
7255 2654
7256 2426
7257 2013
7258 1658
7259 1706
7260 1496
7261 2521
7262 822
7263 2175
7264 2307
7265 729
7266 1645
7267 2622
7268 2549
7269 2717
7270 2101
7271 3708
7272 3652
7273 2747
7274 2294
7275 2436
7276 2737
7277 2826
7278 3383
7279 2555
7280 3910
7281 2577
7282 3197
7283 3500
7284 2567
7285 2142
7286 3921
7287 2283
7288 3968
7289 1116
7290 5343
7291 1269
7292 4107
7293 2732
7294 3500
7295 3500
7296 3903
7297 1090
7298 2327
7299 1257
7300 4881
7301 2539
7302 3278
7303 1179
7304 3837
7305 4304
7306 2483
7307 3882
7308 1242
7309 1199
7310 4054
7311 2482
7312 875
7313 2289
7314 4785
7315 3397
7316 3181
7317 2950
7318 2923
7319 3196
7320 803
7321 730
7322 3175
7323 2085
7324 813
7325 3013
7326 3443
7327 3655
7328 2317
7329 2996
7330 3121
7331 2294
7332 4642
7333 2589
7334 1867
7335 3888
7336 3527
7337 3360
7338 3520
7339 4211
7340 4194
7341 3001
7342 2709
7343 2044
7344 3227
7345 4825
7346 3066
7347 3306
7348 4243
7349 3394
7350 4205
7351 3500
7352 2077
7353 956
7354 1173
7355 1119
7356 530
7357 658
7358 590
7359 1333
7360 1525
7361 1105
7362 1519
7363 618
7364 1222
7365 1656
7366 1337
7367 1511
7368 1271
7369 738
7370 688
7371 1544
7372 1552
7373 1330
7374 1646
7375 1302
7376 617
7377 1897
7378 1761
7379 1931
7380 1824
7381 2886
7382 2960
7383 3172
7384 2015
7385 2746
7386 2921
7387 3181
7388 2287
7389 3136
7390 3358
7391 2376
7392 1879
7393 2009
7394 2135
7395 1547
7396 1756
7397 1805
7398 1372
7399 1673
7400 2314
7401 2100
7402 2509
7403 1649
7404 1704
7405 1790
7406 1751
7407 2939
7408 1851
7409 2469
7410 1941
7411 1740
7412 2302
7413 1896
7414 1903
7415 1574
7416 1802
7417 1898
7418 3595
7419 3062
7420 2159
7421 1045
7422 2924
7423 2019
7424 2506
7425 3368
7426 2883
7427 965
7428 1875
7429 2966
7430 2622
7431 1052
7432 2012
7433 1998
7434 1070
7435 1890
7436 3157
7437 2503
7438 3501
7439 2687
7440 2606
7441 3138
7442 2068
7443 3364
7444 1701
7445 1132
7446 940
7447 871
7448 2102
7449 1109
7450 3657
7451 2591
7452 1772
7453 2304
7454 2014
7455 2086
7456 2673
7457 2596
7458 2044
7459 2699
7460 3500
7461 977
7462 3291
7463 4321
7464 2998
7465 2145
7466 3327
7467 3663
7468 994
7469 2458
7470 2212
7471 3060
7472 1128
7473 2412
7474 1998
7475 2420
7476 3266
7477 1166
7478 2179
7479 2278
7480 1196
7481 2143
7482 2100
7483 3679
7484 3689
7485 3382
7486 2327
7487 2865
7488 2689
7489 2696
7490 3345
7491 1173
7492 1633
7493 4920
7494 2631
7495 2871
7496 3192
7497 2806
7498 3174
7499 3162
7500 3516
7501 3179
7502 3566
7503 3156
7504 1525
7505 2841
7506 3020
7507 2952
7508 3139
7509 3079
7510 2800
7511 2714
7512 1308
7513 4568
7514 1417
7515 738
7516 1021
7517 921
7518 938
7519 822
7520 803
7521 926
7522 2061
7523 1933
7524 3164
7525 1112
7526 984
7527 1119
7528 1054
7529 855
7530 3240
7531 1678
7532 1895
7533 3047
7534 1167
7535 1039
7536 1013
7537 3384
7538 828
7539 972
7540 1746
7541 1602
7542 4248
7543 3069
7544 3871
7545 1549
7546 4733
7547 3159
7548 2908
7549 3258
7550 4416
7551 3112
7552 2832
7553 3974
7554 2819
7555 1492
7556 1482
7557 1700
7558 844
7559 860
7560 778
7561 1914
7562 1873
7563 2213
7564 2066
7565 2426
7566 2469
7567 1917
7568 927
7569 818
7570 798
7571 718
7572 1063
7573 1291
7574 2025
7575 2477
7576 990
7577 1202
7578 3047
7579 2408
7580 4112
7581 2044
7582 3431
7583 2142
7584 2456
7585 2483
7586 1204
7587 1273
7588 2620
7589 2158
7590 1965
7591 3231
7592 2127
7593 3656
7594 2283
7595 2310
7596 2229
7597 3786
7598 3048
7599 3743
7600 2799
7601 3252
7602 860
7603 2151
7604 2333
7605 2842
7606 1850
7607 810
7608 1969
7609 1797
7610 1716
7611 881
7612 2934
7613 946
7614 2008
7615 971
7616 1876
7617 773
7618 2052
7619 1988
7620 2621
7621 1091
7622 1368
7623 3179
7624 2758
7625 1304
7626 1116
7627 1188
7628 1420
7629 2013
7630 3613
7631 1191
7632 1171
7633 1093
7634 1131
7635 1400
7636 1381
7637 1415
7638 1183
7639 1206
7640 1289
7641 1102
7642 1093
7643 1202
7644 1328
7645 3161
7646 1178
7647 1438
7648 1082
7649 1374
7650 2845
7651 2659
7652 1092
7653 1337
7654 1461
7655 1250
7656 1452
7657 1574
7658 1176
7659 1283
7660 1303
7661 1412
7662 2475
7663 1180
7664 3059
7665 1189
7666 2494
7667 1199
7668 4327
7669 4580
7670 4372
7671 4192
7672 3852
7673 4009
7674 4958
7675 4547
7676 4511
7677 4878
7678 4188
7679 1308
7680 1379
7681 1334
7682 4229
7683 2620
7684 1359
7685 2430
7686 1304
7687 1043
7688 2736
7689 3438
7690 1386
7691 1186
7692 1094
7693 2554
7694 1225
7695 1230
7696 1202
7697 1297
7698 1276
7699 1108
7700 2981
7701 1776
7702 1308
7703 1263
7704 1114
7705 1005
7706 1422
7707 1346
7708 1171
7709 1765
7710 672
7711 2043
7712 1231
7713 1342
7714 1043
7715 1115
7716 849
7717 3818
7718 3785
7719 2670
7720 1087
7721 2205
7722 2122
7723 1970
7724 2350
7725 2276
7726 1221
7727 2260
7728 1240
7729 3173
7730 1375
7731 2526
7732 1175
7733 980
7734 1926
7735 3243
7736 2992
7737 2963
7738 4149
7739 1315
7740 915
7741 1175
7742 2093
7743 1871
7744 1897
7745 3747
7746 1128
7747 1016
7748 1106
7749 1079
7750 1104
7751 3068
7752 1110
7753 1142
7754 1406
7755 2367
7756 2051
7757 2473
7758 2160
7759 1157
7760 2785
7761 1104
7762 1282
7763 2207
7764 1123
7765 1007
7766 1693
7767 2070
7768 1082
7769 1017
7770 3779
7771 3781
7772 2570
7773 1205
7774 1221
7775 1088
7776 2618
7777 1274
7778 2510
7779 2311
7780 1230
7781 2058
7782 1193
7783 1377
7784 1282
7785 1378
7786 1078
7787 2713
7788 1383
7789 1224
7790 1228
7791 957
7792 1990
7793 1128
7794 2915
7795 1177
7796 2159
7797 2289
7798 1171
7799 1095
7800 1368
7801 2198
7802 1222
7803 1072
7804 1077
7805 1263
7806 1140
7807 3313
7808 1174
7809 2487
7810 4330
7811 1344
7812 1232
7813 1755
7814 2947
7815 987
7816 3004
7817 4371
7818 2207
7819 1286
7820 1199
7821 4106
7822 1024
7823 1230
7824 1132
7825 1403
7826 1516
7827 3743
7828 2787
7829 3017
7830 1339
7831 1295
7832 1400
7833 1228
7834 1261
7835 1504
7836 1106
7837 3341
7838 2626
7839 1268
7840 2135
7841 1448
7842 3731
7843 1372
7844 1278
7845 2603
7846 2815
7847 3520
7848 2582
7849 2334
7850 4012
7851 3052
7852 2474
7853 3402
7854 3501
7855 2499
7856 2613
7857 4330
7858 4586
7859 2687
7860 1192
7861 2611
7862 2881
7863 4783
7864 4889
7865 2413
7866 2835
7867 2871
7868 2605
7869 2961
7870 2232
7871 899
7872 1139
7873 1094
7874 4032
7875 2680
7876 1101
7877 1086
7878 816
7879 2513
7880 2707
7881 1168
7882 2686
7883 3705
7884 1127
7885 2890
7886 1170
7887 3822
7888 1395
7889 1064
7890 3572
7891 1162
7892 976
7893 1216
7894 1241
7895 1354
7896 2120
7897 2215
7898 2422
7899 1340
7900 2082
7901 2389
7902 855
7903 2405
7904 1192
7905 1200
7906 1347
7907 1007
7908 2642
7909 999
7910 1229
7911 1200
7912 1169
7913 1118
7914 1556
7915 1318
7916 2374
7917 1209
7918 1280
7919 1220
7920 1361
7921 1155
7922 2486
7923 1258
7924 1767
7925 2297
7926 2608
7927 2494
7928 2140
7929 2209
7930 1353
7931 2452
7932 1150
7933 1255
7934 1151
7935 2202
7936 2300
7937 2300
7938 2422
7939 1121
7940 1262
7941 1239
7942 2381
7943 1147
7944 1259
7945 1245
7946 5781
7947 4837
7948 6021
7949 5194
7950 5569
7951 4730
7952 5703
7953 4331
7954 4381
7955 4007
7956 5088
7957 6294
7958 6212
7959 1391
7960 1156
7961 1254
7962 1356
7963 1242
7964 1481
7965 2179
7966 1098
7967 1329
7968 3761
7969 1354
7970 1340
7971 1088
7972 1237
7973 1497
7974 2224
7975 1319
7976 2668
7977 1476
7978 1411
7979 2111
7980 2767
7981 1189
7982 1510
7983 2559
7984 2278
7985 1473
7986 1119
7987 1079
7988 1180
7989 1364
7990 2308
7991 1150
7992 1392
7993 1383
7994 1627
7995 3042
7996 2949
7997 1869
7998 3075
7999 1158
8000 3365
8001 3500
8002 2897
8003 1300
8004 642
8005 758
8006 2022
8007 1810
8008 3222
8009 1807
8010 994
8011 2172
8012 810
8013 758
8014 855
8015 2863
8016 847
8017 924
8018 808
8019 2991
8020 916
8021 2591
8022 2115
8023 2048
8024 841
8025 804
8026 871
8027 1399
8028 934
8029 1032
8030 1669
8031 868
8032 988
8033 849
8034 878
8035 3299
8036 3457
8037 1018
8038 992
8039 866
8040 2953
8041 837
8042 2052
8043 1892
8044 737
8045 3415
8046 2899
8047 3099
8048 3547
8049 998
8050 2331
8051 972
8052 1594
8053 2385
8054 2119
8055 1789
8056 714
8057 1726
8058 2080
8059 1737
8060 1410
8061 1670
8062 801
8063 2463
8064 1803
8065 2601
8066 1780
8067 1807
8068 1835
8069 1765
8070 1861
8071 1614
8072 2149
8073 1030
8074 1857
8075 3716
8076 4295
8077 4939
8078 4773
8079 4075
8080 3734
8081 5249
8082 4023
8083 4365
8084 5341
8085 3564
8086 5060
8087 4419
8088 3519
8089 4164
8090 3622
8091 4116
8092 3559
8093 4548
8094 5282
8095 4188
8096 3201
8097 4530
8098 972
8099 809
8100 873
8101 2081
8102 1916
8103 2020
8104 1573
8105 754
8106 922
8107 819
8108 1653
8109 1332
8110 1645
8111 950
8112 874
8113 734
8114 710
8115 1017
8116 861
8117 1040
8118 1985
8119 815
8120 905
8121 816
8122 803
8123 2091
8124 2026
8125 1754
8126 779
8127 938
8128 811
8129 3207
8130 3230
8131 4448
8132 2413
8133 2133
8134 780
8135 3819
8136 2349
8137 1085
8138 3672
8139 2051
8140 1461
8141 1008
8142 3237
8143 873
8144 1618
8145 995
8146 1890
8147 1393
8148 1140
8149 1249
8150 1465
8151 1183
8152 547
8153 438
8154 498
8155 610
8156 1089
8157 1499
8158 1664
8159 1162
8160 541
8161 450
8162 478
8163 626
8164 452
8165 951
8166 1384
8167 383
8168 510
8169 1415
8170 535
8171 937
8172 1026
8173 1165
8174 938
8175 422
8176 1713
8177 1129
8178 3309
8179 3090
8180 2024
8181 2256
8182 1352
8183 1943
8184 2386
8185 2275
8186 3116
8187 2638
8188 1573
8189 2075
8190 2110
8191 2699
8192 3376
8193 2462
8194 1589
8195 1621
8196 1292
8197 1841
8198 2194
8199 1491
8200 724
8201 1172
8202 835
8203 758
8204 1166
8205 1634
8206 1487
8207 1534
8208 1501
8209 1821
8210 2108
8211 1622
8212 1451
8213 1623
8214 1562
8215 760
8216 814
8217 1750
8218 637
8219 1337
8220 692
8221 533
8222 580
8223 1729
8224 781
8225 1097
8226 2187
8227 1065
8228 477
8229 1888
8230 1877
8231 2064
8232 558
8233 609
8234 1102
8235 1287
8236 1864
8237 1112
8238 453
8239 592
8240 699
8241 541
8242 1975
8243 366
8244 443
8245 561
8246 487
8247 600
8248 1167
8249 2400
8250 2628
8251 2814
8252 2277
8253 2335
8254 1646
8255 2144
8256 2074
8257 2573
8258 2278
8259 2196
8260 1700
8261 2291
8262 2128
8263 2536
8264 1649
8265 1780
8266 836
8267 1857
8268 996
8269 895
8270 1660
8271 1910
8272 898
8273 939
8274 1915
8275 1351
8276 1879
8277 1724
8278 1707
8279 2110
8280 1989
8281 1653
8282 1041
8283 914
8284 2301
8285 900
8286 852
8287 815
8288 834
8289 2354
8290 2760
8291 866
8292 912
8293 1145
8294 888
8295 804
8296 2033
8297 2128
8298 2021
8299 791
8300 1939
8301 1788
8302 1147
8303 1976
8304 888
8305 3126
8306 902
8307 814
8308 2865
8309 841
8310 832
8311 1050
8312 960
8313 879
8314 2642
8315 1387
8316 1384
8317 1483
8318 3414
8319 3173
8320 2436
8321 2973
8322 1471
8323 1441
8324 2365
8325 2526
8326 2658
8327 2465
8328 1472
8329 1454
8330 1229
8331 1415
8332 2446
8333 1582
8334 1535
8335 2826
8336 1282
8337 1441
8338 2457
8339 2792
8340 3075
8341 3181
8342 2679
8343 1622
8344 2895
8345 2746
8346 1297
8347 1396
8348 2867
8349 630
8350 687
8351 612
8352 1439
8353 1204
8354 1891
8355 647
8356 596
8357 615
8358 2081
8359 605
8360 1236
8361 680
8362 717
8363 689
8364 646
8365 606
8366 522
8367 594
8368 1371
8369 1403
8370 1356
8371 1525
8372 578
8373 909
8374 1255
8375 767
8376 816
8377 1735
8378 1632
8379 902
8380 1772
8381 2648
8382 1782
8383 1615
8384 1879
8385 1985
8386 903
8387 800
8388 1010
8389 914
8390 827
8391 1816
8392 816
8393 2371
8394 2251
8395 2427
8396 1074
8397 2452
8398 3746
8399 2339
8400 2327
8401 4319
8402 1291
8403 2804
8404 1190
8405 2762
8406 2160
8407 3639
8408 2360
8409 2320
8410 2372
8411 2277
8412 2139
8413 2388
8414 2868
8415 2563
8416 2354
8417 2907
8418 867
8419 1784
8420 2656
8421 2002
8422 1770
8423 1738
8424 1845
8425 2612
8426 1741
8427 1672
8428 801
8429 2284
8430 925
8431 3336
8432 2008
8433 1982
8434 3186
8435 1770
8436 1800
8437 1866
8438 3469
8439 3478
8440 3491
8441 5374
8442 1756
8443 3493
8444 3949
8445 4106
8446 3334
8447 6873
8448 6801
8449 5905
8450 5374
8451 1465
8452 3728
8453 1129
8454 1148
8455 3361
8456 1015
8457 1343
8458 4106
8459 3526
8460 2477
8461 2272
8462 1141
8463 4660
8464 1585
8465 1284
8466 1388
8467 1272
8468 1169
8469 1732
8470 2264
8471 1447
8472 3864
8473 3850
8474 3460
8475 3686
8476 3254
8477 5239
8478 1239
8479 1029
8480 2661
8481 3513
8482 2654
8483 2535
8484 3832
8485 1239
8486 2569
8487 4245
8488 3406
8489 1617
8490 5498
8491 2983
8492 2229
8493 2415
8494 2538
8495 2638
8496 2680
8497 3541
8498 1248
8499 887
8500 3536
8501 1903
8502 3696
8503 3465
8504 3687
8505 2726
8506 3659
8507 1754
8508 2304
8509 1028
8510 3226
8511 3432
8512 1140
8513 2506
8514 3305
8515 2904
8516 2071
8517 3582
8518 2205
8519 970
8520 3581
8521 3120
8522 3899
8523 2563
8524 2811
8525 3430
8526 2869
8527 3200
8528 2289
8529 2698
8530 3363
8531 2443
8532 3996
8533 3937
8534 2562
8535 2377
8536 2380
8537 2805
8538 4419
8539 2337
8540 2799
8541 2322
8542 2224
8543 2790
8544 2571
8545 3054
8546 2991
8547 3092
8548 1138
8549 2243
8550 2494
8551 3320
8552 2747
8553 2132
8554 2570
8555 2587
8556 2670
8557 1222
8558 3888
8559 2834
8560 1059
8561 1151
8562 1331
8563 1354
8564 1208
8565 1069
8566 2269
8567 2113
8568 2229
8569 2241
8570 3775
8571 1189
8572 2337
8573 2186
8574 993
8575 906
8576 2836
8577 2215
8578 3082
8579 2018
8580 2100
8581 2058
8582 2137
8583 899
8584 1180
8585 3289
8586 1150
8587 1152
8588 937
8589 946
8590 2499
8591 2112
8592 1733
8593 977
8594 1388
8595 1257
8596 2213
8597 3858
8598 3862
8599 2484
8600 2823
8601 4775
8602 2718
8603 2212
8604 1486
8605 2403
8606 3284
8607 2992
8608 1351
8609 1298
8610 1214
8611 1097
8612 1283
8613 2329
8614 4190
8615 1334
8616 1655
8617 1136
8618 1217
8619 2139
8620 1182
8621 2127
8622 3128
8623 3283
8624 3450
8625 3393
8626 2850
8627 2412
8628 2772
8629 2746
8630 2958
8631 3803
8632 2692
8633 2844
8634 2804
8635 2906
8636 3060
8637 3281
8638 3511
8639 2937
8640 3395
8641 3197
8642 2957
8643 3032
8644 4046
8645 2957
8646 1119
8647 2643
8648 2975
8649 1351
8650 1312
8651 1114
8652 2697
8653 2599
8654 1161
8655 2688
8656 2434
8657 2137
8658 2909
8659 1457
8660 1289
8661 2999
8662 1283
8663 1435
8664 2758
8665 2799
8666 1182
8667 2675
8668 2690
8669 2509
8670 2653
8671 2523
8672 2480
8673 2593
8674 1346
8675 1893
8676 2379
8677 2016
8678 2082
8679 2380
8680 1980
8681 1797
8682 3233
8683 979
8684 1074
8685 1140
8686 3396
8687 1013
8688 3383
8689 1094
8690 1869
8691 1923
8692 2185
8693 1066
8694 1100
8695 1652
8696 2246
8697 1624
8698 2668
8699 1011
8700 2071
8701 1383
8702 3213
8703 2066
8704 821
8705 998
8706 1835
8707 812
8708 1025
8709 1379
8710 2150
8711 1798
8712 1041
8713 1922
8714 2968
8715 934
8716 2648
8717 1921
8718 1823
8719 2163
8720 988
8721 969
8722 1905
8723 1922
8724 912
8725 1945
8726 2034
8727 1947
8728 2807
8729 1741
8730 1905
8731 1621
8732 1398
8733 1395
8734 1323
8735 1524
8736 1560
8737 1448
8738 1348
8739 735
8740 754
8741 1580
8742 795
8743 725
8744 1835
8745 729
8746 1542
8747 1522
8748 1198
8749 825
8750 869
8751 739
8752 813
8753 1306
8754 544
8755 758
8756 2186
8757 1369
8758 1327
8759 833
8760 1637
8761 2274
8762 1606
8763 1433
8764 704
8765 1472
8766 1366
8767 1487
8768 748
8769 1486
8770 1464
8771 728
8772 1658
8773 1704
8774 719
8775 745
8776 1018
8777 1394
8778 1624
8779 1401
8780 1615
8781 2311
8782 662
8783 1212
8784 1451
8785 1363
8786 1405
8787 1956
8788 1462
8789 1306
8790 2137
8791 2425
8792 2657
8793 2218
8794 2492
8795 2224
8796 2339
8797 1127
8798 2301
8799 1268
8800 2841
8801 1085
8802 1359
8803 2612
8804 2973
8805 1223
8806 989
8807 3108
8808 2696
8809 1263
8810 1116
8811 2751
8812 2130
8813 2510
8814 563
8815 1263
8816 595
8817 750
8818 676
8819 686
8820 477
8821 1272
8822 1388
8823 1451
8824 1389
8825 574
8826 512
8827 520
8828 589
8829 1550
8830 1310
8831 1293
8832 1441
8833 1437
8834 701
8835 691
8836 997
8837 1128
8838 1315
8839 1310
8840 1143
8841 1021
8842 1218
8843 1270
8844 2568
8845 1821
8846 2735
8847 2618
8848 2901
8849 1442
8850 1366
8851 1157
8852 902
8853 1098
8854 1118
8855 1353
8856 1007
8857 1041
8858 1173
8859 1003
8860 965
8861 1112
8862 2234
8863 2395
8864 1415
8865 2552
8866 2420
8867 955
8868 1062
8869 1008
8870 2553
8871 2478
8872 1071
8873 1005
8874 1223
8875 1112
8876 2856
8877 2030
8878 4067
8879 3456
8880 3911
8881 2808
8882 3851
8883 3588
8884 3790
8885 3291
8886 1127
8887 3424
8888 1846
8889 2293
8890 1130
8891 2877
8892 1064
8893 1099
8894 2502
8895 1314
8896 1221
8897 1211
8898 2709
8899 1758
8900 2313
8901 1161
8902 1438
8903 2778
8904 1300
8905 1226
8906 1397
8907 1410
8908 1337
8909 2789
8910 3940
8911 1447
8912 1262
8913 1394
8914 2649
8915 1492
8916 1713
8917 1504
8918 2833
8919 1331
8920 1263
8921 1573
8922 1279
8923 1240
8924 2573
8925 1515
8926 1298
8927 1346
8928 2813
8929 2333
8930 1224
8931 3704
8932 3928
8933 3768
8934 4034
8935 3603
8936 2094
8937 1980
8938 1114
8939 1116
8940 3031
8941 1585
8942 1092
8943 1076
8944 974
8945 1011
8946 2051
8947 2115
8948 696
8949 3216
8950 2124
8951 2747
8952 3521
8953 1594
8954 2874
8955 3032
8956 3349
8957 1170
8958 2035
8959 2230
8960 2776
8961 1847
8962 1952
8963 932
8964 1468
8965 672
8966 408
8967 765
8968 583
8969 1262
8970 523
8971 422
8972 2030
8973 2501
8974 1287
8975 1380
8976 1143
8977 496
8978 2334
8979 727
8980 1708
8981 3636
8982 3892
8983 4708
8984 4214
8985 3534
8986 3608
8987 1916
8988 2542
8989 2832
8990 2292
8991 3886
8992 2393
8993 3185
8994 2461
8995 3225
8996 1319
8997 3532
8998 1226
8999 3085
9000 2407
9001 1179
9002 1366
9003 1276
9004 3058
9005 3243
9006 4567
9007 2787
9008 1711
9009 3826
9010 4631
9011 3773
9012 2940
9013 2703
9014 1065
9015 4649
9016 1128
9017 1757
9018 2275
9019 2537
9020 2230
9021 1693
9022 1006
9023 1459
9024 2092
9025 2443
9026 2036
9027 884
9028 2864
9029 2475
9030 1535
9031 1337
9032 872
9033 2020
9034 1606
9035 899
9036 1671
9037 2620
9038 1636
9039 704
9040 2811
9041 2067
9042 1547
9043 3051
9044 3564
9045 3227
9046 3824
9047 2235
9048 3784
9049 1948
9050 2748
9051 2898
9052 3602
9053 2417
9054 3430
9055 2308
9056 3358
9057 1539
9058 2083
9059 1891
9060 3117
9061 2218
9062 2244
9063 3493
9064 2470
9065 3104
9066 2729
9067 2230
9068 3273
9069 2026
9070 1794
9071 2172
9072 2034
9073 2562
9074 3097
9075 2515
9076 3252
9077 1011
9078 2490
9079 3663
9080 1161
9081 1822
9082 2138
9083 1064
9084 910
9085 1068
9086 2922
9087 1048
9088 1957
9089 3207
9090 2091
9091 2395
9092 2148
9093 2093
9094 844
9095 1009
9096 1893
9097 1978
9098 3318
9099 2039
9100 3040
9101 3100
9102 3018
9103 3578
9104 3475
9105 3480
9106 3333
9107 2263
9108 906
9109 1948
9110 2302
9111 2360
9112 1736
9113 2183
9114 2077
9115 2155
9116 2654
9117 3124
9118 680
9119 718
9120 3720
9121 802
9122 2443
9123 897
9124 2436
9125 2572
9126 868
9127 1689
9128 1905
9129 1977
9130 2608
9131 2646
9132 2280
9133 1658
9134 738
9135 2520
9136 794
9137 892
9138 899
9139 2405
9140 3241
9141 2682
9142 2342
9143 872
9144 1546
9145 4145
9146 3917
9147 3424
9148 3543
9149 4560
9150 3408
9151 3673
9152 3883
9153 3218
9154 3797
9155 1955
9156 2009
9157 1121
9158 1095
9159 1947
9160 905
9161 1069
9162 1913
9163 1785
9164 2075
9165 1938
9166 1860
9167 1918
9168 1647
9169 955
9170 935
9171 1882
9172 1112
9173 2012
9174 1047
9175 1087
9176 1596
9177 1106
9178 2100
9179 2141
9180 2009
9181 1945
9182 1388
9183 2860
9184 1865
9185 4846
9186 977
9187 2537
9188 873
9189 2198
9190 790
9191 1871
9192 798
9193 2749
9194 2866
9195 756
9196 3513
9197 3961
9198 3806
9199 4017
9200 4895
9201 4587
9202 2642
9203 3679
9204 4356
9205 3650
9206 3811
9207 3965
9208 3793
9209 3671
9210 4032
9211 4855
9212 1162
9213 1316
9214 1168
9215 1765
9216 2079
9217 1111
9218 2241
9219 1064
9220 1117
9221 1095
9222 1121
9223 958
9224 1050
9225 964
9226 2359
9227 1311
9228 1047
9229 928
9230 2305
9231 1258
9232 2369
9233 2995
9234 2646
9235 1156
9236 1237
9237 1035
9238 2075
9239 1216
9240 1006
9241 1078
9242 2081
9243 1172
9244 1348
9245 1095
9246 1027
9247 1068
9248 1093
9249 1106
9250 1050
9251 1121
9252 3001
9253 3325
9254 2328
9255 1966
9256 958
9257 1034
9258 1137
9259 1091
9260 2400
9261 2102
9262 1381
9263 1202
9264 1373
9265 1744
9266 1029
9267 2287
9268 1946
9269 1366
9270 1993
9271 970
9272 1480
9273 2231
9274 1075
9275 1080
9276 2311
9277 2333
9278 2462
9279 2711
9280 3584
9281 2616
9282 1273
9283 1047
9284 1231
9285 2636
9286 1982
9287 1211
9288 3468
9289 2447
9290 2593
9291 2147
9292 1084
9293 1146
9294 1158
9295 1062
9296 1194
9297 3112
9298 2423
9299 985
9300 1041
9301 1274
9302 3370
9303 1188
9304 1260
9305 1048
9306 1143
9307 2863
9308 2913
9309 1235
9310 2802
9311 2530
9312 3537
9313 2703
9314 2765
9315 4786
9316 2944
9317 4657
9318 1389
9319 4503
9320 2416
9321 2680
9322 4330
9323 4383
9324 2687
9325 1169
9326 1165
9327 4627
9328 2378
9329 1221
9330 3570
9331 3358
9332 2852
9333 3619
9334 2941
9335 3488
9336 2113
9337 2845
9338 2897
9339 2867
9340 3139
9341 3036
9342 3608
9343 3095
9344 3026
9345 2037
9346 2948
9347 3208
9348 2959
9349 1903
9350 2045
9351 1879
9352 1895
9353 2990
9354 2676
9355 2920
9356 2466
9357 2608
9358 2740
9359 2598
9360 2915
9361 2268
9362 2578
9363 2709
9364 2746
9365 3563
9366 2271
9367 2865
9368 2343
9369 2527
9370 4677
9371 1450
9372 3443
9373 3124
9374 1338
9375 3806
9376 1497
9377 4713
9378 1389
9379 1554
9380 2082
9381 2711
9382 2924
9383 3555
9384 2559
9385 4568
9386 3975
9387 1948
9388 2221
9389 3124
9390 957
9391 3115
9392 2886
9393 962
9394 2189
9395 1869
9396 952
9397 1874
9398 3360
9399 1924
9400 2124
9401 2887
9402 2826
9403 2108
9404 925
9405 992
9406 834
9407 1067
9408 4777
9409 3470
9410 3734
9411 3634
9412 2130
9413 3718
9414 3294
9415 3651
9416 3836
9417 3780
9418 1675
9419 2685
9420 3767
9421 3283
9422 2767
9423 1093
9424 3696
9425 3728
9426 3861
9427 2490
9428 2664
9429 2477
9430 2829
9431 2498
9432 3021
9433 2752
9434 3737
9435 3157
9436 2505
9437 2622
9438 2583
9439 3300
9440 2725
9441 3722
9442 3511
9443 3684
9444 3089
9445 2982
9446 3458
9447 3066
9448 3136
9449 3099
9450 3452
9451 3670
9452 3738
9453 3013
9454 2307
9455 1699
9456 1989
9457 2792
9458 2561
9459 2491
9460 2961
9461 2741
9462 2361
9463 2764
9464 2114
9465 2705
9466 2066
9467 2264
9468 1896
9469 2166
9470 2888
9471 2730
9472 924
9473 2010
9474 1005
9475 2898
9476 2023
9477 1940
9478 1992
9479 3033
9480 3154
9481 2150
9482 1958
9483 936
9484 1671
9485 2606
9486 1806
9487 1809
9488 1409
9489 1451
9490 1037
9491 937
9492 2292
9493 1979
9494 3136
9495 2148
9496 1996
9497 1098
9498 2196
9499 2166
9500 2146
9501 2006
9502 2349
9503 1907
9504 2051
9505 1858
9506 2171
9507 2135
9508 2079
9509 1994
9510 2091
9511 2035
9512 2041
9513 2950
9514 3366
9515 2155
9516 2015
9517 993
9518 2289
9519 1232
9520 3168
9521 3291
9522 2167
9523 2391
9524 2317
9525 3379
9526 2637
9527 3797
9528 5034
9529 1179
9530 2439
9531 1868
9532 1212
9533 2800
9534 2339
9535 2617
9536 2932
9537 1931
9538 1947
9539 2033
9540 2019
9541 1445
9542 1650
9543 1507
9544 1759
9545 1594
9546 1873
9547 1970
9548 1751
9549 1851
9550 1835
9551 1511
9552 1777
9553 3926
9554 2658
9555 3986
9556 3973
9557 3771
9558 3383
9559 4483
9560 4060
9561 3303
9562 3524
9563 3638
9564 3556
9565 3413
9566 3332
9567 3761
9568 4382
9569 3408
9570 2124
9571 1322
9572 3024
9573 2629
9574 1597
9575 2211
9576 3229
9577 2850
9578 2683
9579 2657
9580 1658
9581 2666
9582 1578
9583 866
9584 2941
9585 3283
9586 3224
9587 1869
9588 712
9589 969
9590 3104
9591 966
9592 957
9593 3093
9594 1065
9595 989
9596 1122
9597 1002
9598 1103
9599 2209
9600 2272
9601 2021
9602 948
9603 1063
9604 1166
9605 1071
9606 938
9607 2323
9608 1105
9609 2948
9610 1124
9611 2824
9612 2932
9613 3172
9614 2003
9615 2850
9616 1960
9617 1167
9618 1095
9619 1122
9620 3280
9621 3864
9622 1168
9623 5123
9624 2297
9625 2462
9626 3230
9627 2972
9628 1390
9629 1162
9630 4439
9631 4021
9632 3816
9633 1205
9634 4093
9635 2094
9636 3905
9637 4172
9638 4237
9639 3904
9640 4009
9641 1831
9642 2629
9643 2195
9644 2466
9645 2398
9646 2354
9647 1802
9648 2495
9649 2317
9650 2171
9651 2055
9652 2405
9653 2317
9654 3150
9655 2999
9656 2843
9657 3140
9658 2178
9659 4160
9660 2699
9661 4525
9662 2760
9663 4533
9664 2760
9665 2882
9666 2995
9667 1381
9668 3231
9669 3256
9670 2742
9671 2923
9672 3503
9673 4363
9674 3210
9675 2745
9676 3324
9677 4637
9678 1448
9679 2431
9680 2752
9681 2169
9682 1136
9683 1318
9684 3626
9685 3305
9686 3521
9687 2640
9688 1096
9689 1388
9690 2653
9691 2731
9692 1066
9693 1319
9694 1059
9695 1052
9696 2694
9697 1200
9698 2430
9699 2355
9700 1341
9701 3391
9702 2457
9703 1156
9704 3730
9705 1193
9706 1284
9707 2776
9708 1145
9709 1181
9710 4498
9711 3260
9712 3027
9713 2947
9714 2480
9715 4156
9716 3892
9717 3032
9718 2156
9719 2964
9720 3660
9721 4143
9722 2946
9723 3316
9724 2276
9725 3649
9726 2585
9727 1316
9728 3981
9729 5020
9730 2529
9731 2331
9732 1744
9733 2629
9734 2420
9735 2531
9736 3866
9737 2622
9738 1392
9739 2960
9740 2992
9741 2629
9742 1418
9743 1175
9744 5105
9745 3287
9746 3092
9747 2814
9748 1358
9749 1253
9750 2164
9751 2297
9752 2258
9753 2206
9754 2201
9755 2489
9756 2133
9757 3364
9758 2603
9759 2415
9760 2313
9761 2273
9762 1946
9763 1755
9764 3730
9765 2350
9766 2854
9767 2019
9768 2229
9769 1737
9770 2583
9771 3663
9772 3573
9773 4191
9774 4434
9775 3918
9776 2986
9777 4518
9778 4892
9779 4316
9780 4380
9781 2681
9782 4167
9783 4768
9784 4098
9785 4076
9786 951
9787 921
9788 916
9789 812
9790 1431
9791 851
9792 1182
9793 774
9794 2639
9795 1580
9796 1765
9797 1969
9798 1310
9799 1885
9800 2585
9801 735
9802 811
9803 795
9804 1775
9805 787
9806 864
9807 1665
9808 1096
9809 729
9810 940
9811 3205
9812 938
9813 907
9814 762
9815 2307
9816 2045
9817 1145
9818 2107
9819 1369
9820 607
9821 1648
9822 1122
9823 1266
9824 1049
9825 921
9826 2039
9827 1213
9828 1374
9829 1211
9830 1448
9831 1376
9832 1177
9833 1249
9834 2259
9835 1352
9836 1431
9837 1264
9838 2473
9839 2157
9840 1096
9841 1056
9842 1014
9843 1438
9844 2360
9845 2338
9846 1084
9847 1982
9848 2055
9849 2586
9850 1309
9851 2449
9852 2871
9853 2936
9854 3166
9855 1038
9856 3364
9857 2033
9858 2263
9859 970
9860 1370
9861 2999
9862 3028
9863 953
9864 1938
9865 1143
9866 1771
9867 1992
9868 1178
9869 1857
9870 1050
9871 2119
9872 3171
9873 2575
9874 1521
9875 1977
9876 2084
9877 2193
9878 2364
9879 2170
9880 1817
9881 1463
9882 2358
9883 2605
9884 2684
9885 1297
9886 1283
9887 2628
9888 3093
9889 2937
9890 2326
9891 1263
9892 1361
9893 2828
9894 1267
9895 1077
9896 1108
9897 2783
9898 2591
9899 3216
9900 2815
9901 2991
9902 4719
9903 4133
9904 3528
9905 2337
9906 3121
9907 1115
9908 2106
9909 2867
9910 2380
9911 2163
9912 2334
9913 2386
9914 2116
9915 1239
9916 2105
9917 2021
9918 2592
9919 2584
9920 1591
9921 1055
9922 986
9923 1767
9924 1194
9925 2339
9926 2338
9927 1006
9928 1212
9929 1655
9930 975
9931 1619
9932 3708
9933 1777
9934 940
9935 1880
9936 935
9937 3370
9938 1176
9939 819
9940 1087
9941 3842
9942 1925
9943 2432
9944 944
9945 906
9946 2100
9947 2237
9948 1625
9949 2025
9950 1088
9951 2712
9952 2474
9953 3463
9954 2909
9955 4151
9956 2592
9957 4470
9958 4227
9959 2607
9960 2808
9961 2521
9962 3785
9963 2500
9964 2694
9965 3928
9966 3599
9967 4067
9968 3165
9969 4212
9970 3215
9971 2911
9972 4303
9973 2374
9974 2530
9975 2910
9976 1944
9977 2075
9978 1360
9979 2259
9980 1145
9981 1264
9982 1194
9983 2476
9984 1055
9985 1175
9986 1422
9987 2570
9988 2092
9989 2650
9990 2820
9991 1285
9992 1318
9993 2521
9994 2411
9995 1410
9996 1321
9997 1273
9998 1307
9999 1296
10000 2595
10001 2363
10002 2461
10003 1299
10004 1052
10005 3823
10006 1478
10007 1256
10008 1693
10009 1296
10010 3355
10011 3324
10012 3096
10013 2329
10014 4041
10015 1382
10016 3410
10017 3605
10018 3491
10019 3714
10020 3122
10021 3614
10022 3219
10023 1211
10024 3568
10025 1081
10026 2329
