1 1663
2 1778
3 1403
4 1496
5 1235
6 1552
7 1090
8 1943
9 1920
10 2085
11 1702
12 2176
13 1912
14 1929
15 2150
16 1920
17 1650
18 2038
19 1957
20 2159
21 1741
22 1597
23 1568
24 1834
25 1520
26 1399
27 1532
28 1776
29 2245
30 1804
31 1805
32 2113
33 2139
34 1497
35 1847
36 1982
37 1705
38 1407
39 1660
40 2181
41 2015
42 1745
43 1254
44 1267
45 1272
46 1348
47 1069
48 1533
49 815
50 1138
51 1145
52 1371
53 1216
54 1216
55 1048
56 1058
57 1259
58 1193
59 1014
60 1057
61 1453
62 1315
63 1277
64 1402
65 1405
66 1065
67 1050
68 1236
69 1014
70 1053
71 1005
72 1100
73 1031
74 1200
75 1154
76 1045
77 925
78 1152
79 1207
80 1023
81 936
82 1239
83 1355
84 1230
85 1076
86 1205
87 1003
88 1138
89 1317
90 957
91 1259
92 1490
93 1134
94 1216
95 1290
96 1302
97 1307
98 1459
99 1301
100 1128
101 1122
102 1032
103 864
104 1033
105 1115
106 1255
107 1242
108 1070
109 1197
110 1323
111 1327
112 1541
113 1573
114 1633
115 1700
116 1430
117 1498
118 1489
119 1491
120 1201
121 1551
122 1542
123 1665
124 1459
125 1342
126 1525
127 1511
128 1392
129 1476
130 1697
131 1434
132 869
133 1932
134 1539
135 1554
136 1426
137 1600
138 1425
139 1712
140 1700
141 964
142 1232
143 1221
144 948
145 935
146 1026
147 1030
148 671
149 893
150 834
151 1726
152 1025
153 1087
154 1034
155 1390
156 1152
157 1239
158 1092
159 1297
160 1316
161 1170
162 1088
163 1193
164 1183
165 1001
166 1037
167 1183
168 1041
169 1294
170 1101
171 981
172 965
173 1087
174 977
175 1316
176 1238
177 1363
178 1090
179 1377
180 1278
181 1094
182 1380
183 1451
184 1015
185 1279
186 1111
187 1326
188 990
189 1273
190 1252
191 1210
192 1196
193 1170
194 2597
195 904
196 1307
197 1392
198 1361
199 1186
200 1012
201 1080
202 1196
203 1493
204 1313
205 1420
206 1368
207 1337
208 916
209 1076
210 1136
211 1101
212 1086
213 1083
214 1313
215 1556
216 1136
217 1093
218 1254
219 1222
220 917
221 1090
222 1230
223 1843
224 1305
225 991
226 2178
227 2297
228 2153
229 1912
230 2093
231 1859
232 1986
233 1975
234 1582
235 1731
236 2071
237 1700
238 1723
239 1849
240 1756
241 2074
242 1951
243 1909
244 1622
245 2062
246 1617
247 1676
248 1415
249 1326
250 1769
251 1061
252 1404
253 837
254 2419
255 761
256 1562
257 1362
258 1294
259 1312
260 1349
261 1370
262 1292
263 1307
264 1604
265 1273
266 1292
267 1362
268 1258
269 1401
270 1443
271 1408
272 1534
273 1484
274 1389
275 1344
276 1466
277 1361
278 1129
279 1075
280 1019
281 889
282 1263
283 1190
284 1409
285 1331
286 1148
287 1111
288 1507
289 1165
290 1188
291 1152
292 1227
293 1197
294 1601
295 2108
296 2502
297 2209
298 2220
299 2108
300 2052
301 1610
302 2112
303 1911
304 1615
305 2512
306 2635
307 2605
308 2024
309 1915
310 2358
311 2290
312 2353
313 1947
314 2483
315 2058
316 1879
317 2406
318 2239
319 1759
320 2503
321 2411
322 2215
323 2338
324 1405
325 1784
326 1545
327 1585
328 1619
329 1948
330 1656
331 1801
332 1536
333 1459
334 1531
335 1438
336 1480
337 1335
338 1792
339 1672
340 1887
341 1783
342 2495
343 1317
344 1567
345 1539
346 1590
347 1668
348 1838
349 1518
350 1735
351 1617
352 1577
353 1829
354 1746
355 1851
356 1897
357 1755
358 1981
359 1799
360 1962
361 1794
362 1949
363 1783
364 1799
365 1793
366 2538
367 1819
368 2082
369 2184
370 1771
371 1266
372 1842
373 1596
374 1762
375 1832
376 1852
377 2064
378 1622
379 1339
380 1536
381 1497
382 1561
383 1695
384 1536
385 1662
386 1621
387 1536
388 1706
389 1473
390 1446
391 1454
392 1296
393 1440
394 1787
395 1211
396 1615
397 1558
398 1561
399 1801
400 1500
401 1649
402 1512
403 1553
404 1534
405 1970
406 1745
407 1891
408 1749
409 1647
410 1870
411 2005
412 2049
413 2096
414 1961
415 1826
416 1699
417 1813
418 1797
419 1507
420 2003
421 2029
422 1873
423 2742
424 2849
425 2346
426 3014
427 3146
428 3251
429 4290
430 2789
431 2930
432 3389
433 2748
434 2774
435 3067
436 3127
437 2897
438 2419
439 2388
440 1984
441 2398
442 2358
443 2743
444 2442
445 3020
446 2995
447 3221
448 2834
449 3741
450 3326
451 2083
452 2520
453 2139
454 2194
455 2588
456 2576
457 2203
458 3289
459 2505
460 3893
461 2900
462 3330
463 3004
464 2777
465 2938
466 3425
467 2418
468 3214
469 1983
470 2620
471 2776
472 2419
473 2955
474 2712
475 3228
476 3370
477 3373
478 3348
479 3351
480 3020
481 2165
482 1964
483 1857
484 2248
485 2049
486 2165
487 1776
488 2179
489 2149
490 2113
491 2065
492 2039
493 1828
494 1960
495 1660
496 1624
497 1965
498 1581
499 2043
500 2058
501 2132
502 1939
503 1863
504 1490
505 2059
506 1682
507 1841
508 1619
509 1980
510 1903
511 1895
512 1875
513 1501
514 2162
515 1915
516 1488
517 1606
518 1902
519 1678
520 1967
521 1647
522 1844
523 1878
524 1823
525 1721
526 1379
527 1957
528 1652
529 1858
530 1774
531 1589
532 1795
533 1572
534 1815
535 2157
536 1754
537 2148
538 2389
539 2066
540 1947
541 1780
542 1702
543 1947
544 2036
545 1559
546 2229
547 2078
548 1961
549 1867
550 2218
551 1301
552 1693
553 2267
554 1830
555 2200
556 2145
557 2237
558 2316
559 2254
560 2017
561 2262
562 1922
563 1597
564 1914
565 2219
566 1619
567 1755
568 1658
569 1718
570 2001
571 1850
572 1759
573 1943
574 1712
575 1761
576 1734
577 1917
578 1844
579 1731
580 1724
581 1606
582 1549
583 1345
584 1314
585 1639
586 1740
587 2003
588 1888
589 2074
590 1777
591 3563
592 3203
593 3706
594 4252
595 3856
596 3635
597 3487
598 3085
599 2500
600 3931
601 3471
602 2651
603 2112
604 1955
605 2668
606 2656
607 3025
608 3138
609 2674
610 3741
611 3554
612 2941
613 4004
614 4049
615 3165
616 3677
617 3452
618 4528
619 3374
620 3801
621 3937
622 3605
623 3429
624 3231
625 3245
626 3994
627 3850
628 3342
629 4341
630 3167
631 3779
632 3512
633 4041
634 4068
635 3746
636 3439
637 3850
638 3016
639 3466
640 3791
641 3455
642 4107
643 3732
644 3707
645 3689
646 3403
647 4126
648 3224
649 3737
650 4045
651 3644
652 3489
653 4005
654 3024
655 3713
656 3961
657 3990
658 2871
659 3046
660 2453
661 3621
662 3422
663 3356
664 2794
665 3608
666 2677
667 3370
668 3280
669 3898
670 907
671 928
672 999
673 1021
674 1148
675 864
676 1020
677 1016
678 1034
679 741
680 792
681 782
682 1111
683 708
684 1482
685 1048
686 2546
687 1245
688 1390
689 1010
690 1224
691 1245
692 1188
693 1328
694 1049
695 1778
696 1404
697 1092
698 960
699 1119
700 1391
701 911
702 849
703 1500
704 1421
705 899
706 1197
707 803
708 1262
709 1503
710 1031
711 994
712 1065
713 1176
714 1038
715 1155
716 1278
717 1244
718 1098
719 1055
720 1220
721 1119
722 924
723 1009
724 966
725 942
726 965
727 1063
728 1179
729 1237
730 1078
731 1154
732 741
733 834
734 931
735 980
736 936
737 654
738 713
739 1009
740 785
741 1100
742 1067
743 700
744 917
745 2114
746 2167
747 1841
748 1665
749 2099
750 1677
751 1937
752 1855
753 2017
754 1677
755 2123
756 1827
757 1745
758 1882
759 1588
760 1900
761 1786
762 1886
763 1891
764 1531
765 1448
766 1539
767 1476
768 1691
769 1636
770 1743
771 1578
772 1936
773 1775
774 1863
775 1841
776 1627
777 1679
778 1801
779 1813
780 1432
781 1788
782 1587
783 1565
784 1291
785 1429
786 1389
787 1073
788 1305
789 1166
790 1559
791 1271
792 1098
793 2223
794 1194
795 1326
796 1150
797 1205
798 1200
799 1427
800 1286
801 1328
802 1450
803 1143
804 1268
805 1060
806 1502
807 885
808 2359
809 2242
810 1797
811 2127
812 2005
813 1801
814 2003
815 1938
816 2152
817 1925
818 2189
819 1500
820 4383
821 1989
822 1904
823 1777
824 1702
825 1918
826 2259
827 2374
828 2010
829 2245
830 1967
831 2130
832 2167
833 2466
834 1921
835 1682
836 2139
837 2004
838 2243
839 2034
840 2394
841 2110
842 2212
843 2176
844 2466
845 1733
846 1985
847 2175
848 2087
849 2193
850 2171
851 1908
852 2147
853 2478
854 2257
855 2007
856 2023
857 1865
858 2215
859 2307
860 1925
861 1958
862 2535
863 2017
864 2014
865 2120
866 2260
867 2152
868 1942
869 2241
870 2228
871 1862
872 2179
873 2142
874 2098
875 2106
876 2056
877 2176
878 2026
879 2216
880 2110
881 1899
882 2189
883 2060
884 2059
885 2095
886 1676
887 1880
888 1940
889 1840
890 2262
891 1787
892 1683
893 1714
894 1681
895 1713
896 2011
897 1853
898 1737
899 1780
900 1808
901 1910
902 1921
903 1840
904 2006
905 1512
906 2177
907 385
908 407
909 372
910 608
911 658
912 591
913 661
914 658
915 612
916 614
917 629
918 602
919 377
920 1633
921 2803
922 1329
923 1423
924 1255
925 1331
926 1201
927 1294
928 1253
929 1585
930 1264
931 1347
932 1274
933 1377
934 1286
935 1681
936 769
937 1390
938 1440
939 1156
940 1280
941 1220
942 1329
943 1223
944 1416
945 1602
946 1388
947 1271
948 1458
949 1725
950 1465
951 1274
952 1415
953 1578
954 1380
955 1177
956 1489
957 1312
958 1515
959 1644
960 1777
961 1854
962 2262
963 1836
964 1613
965 2079
966 1586
967 2116
968 1812
969 1659
970 1647
971 2114
972 1893
973 2353
974 1697
975 1724
976 2405
977 1994
978 1925
979 1893
980 2241
981 2056
982 1938
983 2023
984 1858
985 1400
986 1884
987 1888
988 1483
989 1861
990 1876
991 1641
992 1683
993 1441
994 1624
995 1720
996 1755
997 1243
998 2134
999 407
1000 780
1001 485
1002 943
1003 685
1004 371
1005 602
1006 340
1007 620
1008 663
1009 546
1010 555
1011 1444
1012 1962
1013 1535
1014 1712
1015 1663
1016 1608
1017 1497
1018 1699
1019 1803
1020 1460
1021 1895
1022 1811
1023 1691
1024 1906
1025 1690
1026 1617
1027 1698
1028 1552
1029 1717
1030 1899
1031 1597
1032 1521
1033 1705
1034 1621
1035 1594
1036 1656
1037 1634
1038 1726
1039 1686
1040 1599
1041 1998
1042 1912
1043 2275
1044 1712
1045 1722
1046 1704
1047 1449
1048 2156
1049 2033
1050 2202
1051 2033
1052 2115
1053 1898
1054 1978
1055 1711
1056 1750
1057 1864
1058 2034
1059 2081
1060 2082
1061 2046
1062 1689
1063 2020
1064 1828
1065 1633
1066 1768
1067 1739
1068 1388
1069 1665
1070 1536
1071 2013
1072 1970
1073 1784
1074 2346
1075 2684
1076 2101
1077 2089
1078 2026
1079 1576
1080 1869
1081 1670
1082 1899
1083 1826
1084 2111
1085 1548
1086 1910
1087 1835
1088 2271
1089 1871
1090 2276
1091 2163
1092 2250
1093 2203
1094 2058
1095 1799
1096 2217
1097 1925
1098 2019
1099 2123
1100 2294
1101 2131
1102 2348
1103 2130
1104 2294
1105 2013
1106 1981
1107 2142
1108 1657
1109 995
1110 1824
1111 2013
1112 1394
1113 1617
1114 1584
1115 1883
1116 1567
1117 1571
1118 1809
1119 1488
1120 1675
1121 1907
1122 1895
1123 1519
1124 1554
1125 1341
1126 1538
1127 1517
1128 3332
1129 2012
1130 1735
1131 1956
1132 1830
1133 1914
1134 1969
1135 1973
1136 1723
1137 1853
1138 1526
1139 1959
1140 1775
1141 1851
1142 1324
1143 1760
1144 1965
1145 1872
1146 1987
1147 1419
1148 2033
1149 1748
1150 1933
1151 2092
1152 1736
1153 1578
1154 1792
1155 1779
1156 2054
1157 2225
1158 1870
1159 1531
1160 1665
1161 907
1162 464
1163 740
1164 743
1165 724
1166 750
1167 620
1168 703
1169 810
1170 659
1171 709
1172 630
1173 822
1174 615
1175 418
1176 763
1177 609
1178 56
1179 1258
1180 75
1181 256
1182 716
1183 57
1184 30
1185 34
1186 6314
1187 5737
1188 7251
1189 5759
1190 5704
1191 6065
1192 6297
1193 6304
1194 6336
1195 4761
1196 5804
1197 5619
1198 5991
1199 5311
1200 5392
1201 5932
1202 5353
1203 8095
1204 9398
1205 9629
1206 8431
1207 7533
1208 8145
1209 7391
1210 8393
1211 7270
1212 7806
1213 10040
1214 8801
1215 8819
1216 7058
1217 8255
1218 7956
1219 7966
1220 9053
1221 7144
1222 8441
1223 8310
1224 5322
1225 6043
1226 5457
1227 5435
1228 5725
1229 5421
1230 5932
1231 5509
1232 5924
1233 5371
1234 5596
1235 5283
1236 5624
1237 6362
1238 5019
1239 6178
1240 5677
1241 5300
1242 5641
1243 5523
1244 5811
1245 7080
1246 8028
1247 6167
1248 7164
1249 7385
1250 6856
1251 7686
1252 5694
1253 6587
1254 7738
1255 6596
1256 6760
1257 7348
1258 6181
1259 7718
1260 10803
1261 6899
1262 6708
1263 7279
1264 6551
1265 6826
1266 7590
1267 4772
1268 7817
1269 6949
1270 7438
1271 8302
1272 7677
1273 6367
1274 8162
1275 9762
1276 5912
1277 2427
1278 7959
1279 8180
1280 8026
1281 6005
1282 8581
1283 8848
1284 7462
1285 7346
1286 4851
1287 7778
1288 5718
1289 5524
1290 6393
1291 5895
1292 5018
1293 5868
1294 6042
1295 5099
1296 6858
1297 5553
1298 6087
1299 6185
1300 5964
1301 7786
1302 7484
1303 8470
1304 5749
1305 4215
1306 7347
1307 7557
1308 9051
1309 8462
1310 6774
1311 6968
1312 6717
1313 6699
1314 7705
1315 6663
1316 7060
1317 6557
1318 7851
1319 6797
1320 6673
1321 8047
1322 6019
1323 7997
1324 7505
1325 8129
1326 7742
1327 7034
1328 9617
1329 8241
1330 7123
1331 7884
1332 8229
1333 5568
1334 5789
1335 8093
1336 6134
1337 7678
1338 6484
1339 7061
1340 7107
1341 7577
1342 5625
1343 7132
1344 7384
1345 8039
1346 8040
1347 7324
1348 7124
1349 8277
1350 8018
1351 5387
1352 5674
1353 6297
1354 7052
1355 7001
1356 7524
1357 10135
1358 8462
1359 7138
1360 6074
1361 8830
1362 6572
1363 7685
1364 7684
1365 7094
1366 8105
1367 6830
1368 6551
1369 7233
1370 7135
1371 7486
1372 9588
1373 6317
1374 8437
1375 5974
1376 7334
1377 7184
1378 6682
1379 7006
1380 8526
1381 8625
1382 5986
1383 7120
1384 7742
1385 5419
1386 8556
1387 7189
1388 6816
1389 9920
1390 8324
1391 6238
1392 6906
1393 6814
1394 5639
1395 6181
1396 5972
1397 6226
1398 6149
1399 6722
1400 6571
1401 7220
1402 6021
1403 7240
1404 8075
1405 6565
1406 7840
1407 5760
1408 7485
1409 7333
1410 5289
1411 6140
1412 5900
1413 4824
1414 5232
1415 4903
1416 6085
1417 4331
1418 5088
1419 3738
1420 5218
1421 5667
1422 5072
1423 5238
1424 4558
1425 7503
1426 5120
1427 6397
1428 7485
1429 4441
1430 5559
1431 5509
1432 4575
1433 5241
1434 4789
1435 7153
1436 8715
1437 7847
1438 8619
1439 4817
1440 7692
1441 8584
1442 7413
1443 8296
1444 6861
1445 5039
1446 5771
1447 5546
1448 4912
1449 5616
1450 5930
1451 5561
1452 4909
1453 4639
1454 5666
1455 5551
1456 4848
1457 5290
1458 5102
1459 5720
1460 5337
1461 6403
1462 5828
1463 5293
1464 4886
1465 5128
1466 6877
1467 6968
1468 6541
1469 6083
1470 8853
1471 6721
1472 6400
1473 6984
1474 6985
1475 6308
1476 6967
1477 7034
1478 6493
1479 6617
1480 7017
1481 6937
1482 6123
1483 6805
1484 6752
1485 7012
1486 5954
1487 5908
1488 5942
1489 6277
1490 3673
1491 4996
1492 6353
1493 5396
1494 5677
1495 5588
1496 5807
1497 7110
1498 5466
1499 6757
1500 5913
1501 6347
1502 6213
1503 5183
1504 6746
1505 5796
1506 5448
1507 5663
1508 4662
1509 5463
1510 6583
1511 4990
1512 6059
1513 6422
1514 5384
1515 6140
1516 6040
1517 6746
1518 5730
1519 6116
1520 5299
1521 5878
1522 5578
1523 5248
1524 5277
1525 4389
1526 5577
1527 5938
1528 6866
1529 5718
1530 5653
1531 7365
1532 5220
1533 6407
1534 6518
1535 6848
1536 6025
1537 6238
1538 6251
1539 5497
1540 6038
1541 7019
1542 4796
1543 4696
1544 3928
1545 4240
1546 4780
1547 5415
1548 4656
1549 5900
1550 4930
1551 4882
1552 4895
1553 5588
1554 3904
1555 4847
1556 3969
1557 4215
1558 5779
1559 3701
1560 4743
1561 4728
1562 4965
1563 4526
1564 4553
1565 4709
1566 6180
1567 5068
1568 3562
1569 4780
1570 4710
1571 4833
1572 4597
1573 4954
1574 4920
1575 4369
1576 5109
1577 6223
1578 5512
1579 6326
1580 8850
1581 6293
1582 7444
1583 6081
1584 7653
1585 7507
1586 5969
1587 6445
1588 5689
1589 7719
1590 6674
1591 7353
1592 6441
1593 6528
1594 5386
1595 7269
1596 7970
1597 8193
1598 6411
1599 7579
1600 7467
1601 7100
1602 8980
1603 9460
1604 7449
1605 7617
1606 6418
1607 6449
1608 6998
1609 9094
1610 7951
1611 7191
1612 8668
1613 8115
1614 7996
1615 4079
1616 4934
1617 4279
1618 6194
1619 3616
1620 5656
1621 4888
1622 3926
1623 4828
1624 5196
1625 4360
1626 4642
1627 5541
1628 5331
1629 4705
1630 5299
1631 3734
1632 4931
1633 4766
1634 4881
1635 8414
1636 8169
1637 8327
1638 7729
1639 7442
1640 8226
1641 8059
1642 8063
1643 7929
1644 9202
1645 9327
1646 9244
1647 9598
1648 8330
1649 8948
1650 7481
1651 3601
1652 7909
1653 8663
1654 7966
1655 6672
1656 6441
1657 5761
1658 6011
1659 5209
1660 6680
1661 7545
1662 6813
1663 5726
1664 6505
1665 6287
1666 6881
1667 9114
1668 6491
1669 5189
1670 7812
1671 5653
1672 7128
1673 5581
1674 6888
1675 5971
1676 5219
1677 5039
1678 4680
1679 5196
1680 4787
1681 4798
1682 4705
1683 5270
1684 4666
1685 4622
1686 4664
1687 4541
1688 4835
1689 4384
1690 4452
1691 4138
1692 4726
1693 4793
1694 6666
1695 8066
1696 8111
1697 7953
1698 5499
1699 5166
1700 7380
1701 8308
1702 6859
1703 7947
1704 7816
1705 6351
1706 7652
1707 5858
1708 5675
1709 6165
1710 6788
1711 6346
1712 4532
1713 7131
1714 5431
1715 4860
1716 6115
1717 4838
1718 4867
1719 4982
1720 5217
1721 5311
1722 6299
1723 5151
1724 4753
1725 5042
1726 4135
1727 4413
1728 5355
1729 4945
1730 4979
1731 5936
1732 4802
1733 7771
1734 9547
1735 6280
1736 5180
1737 5828
1738 8599
1739 8203
1740 7969
1741 8057
1742 7642
1743 6031
1744 9300
1745 5455
1746 8167
1747 5770
1748 7973
1749 8080
1750 6841
1751 6485
1752 6017
1753 5274
1754 5544
1755 6012
1756 6270
1757 5529
1758 5692
1759 5929
1760 6652
1761 6664
1762 5793
1763 7318
1764 7987
1765 5583
1766 6485
1767 5967
1768 5978
1769 6653
1770 5320
1771 5352
1772 5964
1773 5599
1774 4509
1775 7445
1776 6466
1777 6943
1778 6090
1779 5281
1780 6056
1781 8752
1782 5796
1783 4674
1784 6128
1785 4878
1786 6750
1787 6826
1788 7552
1789 7083
1790 4993
1791 3837
1792 5216
1793 4904
1794 4263
1795 4889
1796 5255
1797 4853
1798 5714
1799 3856
1800 4632
1801 3854
1802 5859
1803 6357
1804 4139
1805 3727
1806 4760
1807 3476
1808 6138
1809 3592
1810 7483
1811 6881
1812 7078
1813 8048
1814 7322
1815 8282
1816 7745
1817 7107
1818 9998
1819 9541
1820 8239
1821 7409
1822 8264
1823 7793
1824 8151
1825 7248
1826 5898
1827 6010
1828 6176
1829 6347
1830 5565
1831 5823
1832 6212
1833 6155
1834 5883
1835 5953
1836 5452
1837 6271
1838 7354
1839 6278
1840 7343
1841 7018
1842 6413
1843 6550
1844 6168
1845 5095
1846 7706
1847 7145
1848 7517
1849 7478
1850 6798
1851 6981
1852 5983
1853 6791
1854 9108
1855 8039
1856 7085
1857 9751
1858 6637
1859 7377
1860 7239
1861 10698
1862 8164
1863 7863
1864 6261
1865 7760
1866 7841
1867 6622
1868 12224
1869 8300
1870 7681
1871 7313
1872 7612
1873 9967
1874 11340
1875 6030
1876 7367
1877 9292
1878 7125
1879 7996
1880 5728
1881 5447
1882 5696
1883 8988
1884 5820
1885 5647
1886 5680
1887 6499
1888 6068
1889 5406
1890 5374
1891 6364
1892 5678
1893 5794
1894 7553
1895 6484
1896 5649
1897 6900
1898 8571
1899 6062
1900 5719
1901 5383
1902 6637
1903 7180
1904 5560
1905 6084
1906 5006
1907 6276
1908 5747
1909 4865
1910 6287
1911 5542
1912 4552
1913 6115
1914 7505
1915 6401
1916 10182
1917 5385
1918 4937
1919 6166
1920 5418
1921 5580
1922 5069
1923 7276
1924 6639
1925 5774
1926 7881
1927 4666
1928 7045
1929 3510
1930 8474
1931 7261
1932 6768
1933 6811
1934 6918
1935 8537
1936 5869
1937 8083
1938 6940
1939 7994
1940 6299
1941 6754
1942 7911
1943 7868
1944 7477
1945 6338
1946 8284
1947 6116
1948 7920
1949 7566
1950 6841
1951 7776
1952 6663
1953 6230
1954 6461
1955 8727
1956 7756
1957 6305
1958 7760
1959 8128
1960 7106
1961 6400
1962 5997
1963 6220
1964 6869
1965 6667
1966 6556
1967 6187
1968 6750
1969 5904
1970 6986
1971 5592
1972 6577
1973 6732
1974 6453
1975 5719
1976 4934
1977 6071
1978 5862
1979 5524
1980 6477
1981 5608
1982 5070
1983 4599
1984 6865
1985 4713
1986 5139
1987 5087
1988 5887
1989 5622
1990 6288
1991 4047
1992 4671
1993 6443
1994 5293
1995 5249
1996 4673
1997 5442
1998 5103
1999 6564
2000 6982
2001 7379
2002 7861
2003 6713
2004 5885
2005 6772
2006 7014
2007 7945
2008 7663
2009 7851
2010 7259
2011 6590
2012 7381
2013 7093
2014 7662
2015 8598
2016 6256
2017 6338
2018 6224
2019 5660
2020 7901
2021 6083
2022 7662
2023 6998
2024 3427
2025 4261
2026 5466
2027 3802
2028 4056
2029 4596
2030 4397
2031 4560
2032 3598
2033 4994
2034 4380
2035 4169
2036 3686
2037 4770
2038 5347
2039 4050
2040 4191
2041 4581
2042 5854
2043 4075
2044 4835
2045 4785
2046 8548
2047 10042
2048 9710
2049 9329
2050 10060
2051 8069
2052 9867
2053 9435
2054 10438
2055 9845
2056 9638
2057 9852
2058 8776
2059 9642
2060 5619
2061 9356
2062 11438
2063 8654
2064 8810
2065 9208
2066 8890
2067 5685
2068 8295
2069 10100
2070 9567
2071 8632
2072 8463
2073 6832
2074 9504
2075 6561
2076 5163
2077 10871
2078 8690
2079 6895
2080 5283
2081 6051
2082 5961
2083 5995
2084 7058
2085 5143
2086 6098
2087 5976
2088 6748
2089 5954
2090 5631
2091 4499
2092 6812
2093 5326
2094 5750
2095 5666
2096 5309
2097 7572
2098 6837
2099 6643
2100 8005
2101 7458
2102 7797
2103 7830
2104 8306
2105 7541
2106 7341
2107 9536
2108 7696
2109 7104
2110 7293
2111 7534
2112 8338
2113 8513
2114 8344
2115 6808
2116 9424
2117 8080
2118 6742
2119 7819
2120 7825
2121 9152
2122 8377
2123 9531
2124 7952
2125 7573
2126 8361
2127 9488
2128 9215
2129 8191
2130 8872
2131 7038
2132 8653
2133 7982
2134 8648
2135 9354
2136 9965
2137 9205
2138 8247
2139 9830
2140 8591
2141 5477
2142 5590
2143 5945
2144 5862
2145 6014
2146 6391
2147 7449
2148 7563
2149 7446
2150 7338
2151 6052
2152 4849
2153 6742
2154 5475
2155 4593
2156 5157
2157 6062
2158 6707
2159 5029
2160 3731
2161 6230
2162 6032
2163 9993
2164 9903
2165 6558
2166 8679
2167 7406
2168 6731
2169 8001
2170 6403
2171 9448
2172 7226
2173 9392
2174 6702
2175 9063
2176 7753
2177 8072
2178 10152
2179 7825
2180 9347
2181 10286
2182 6018
2183 6632
2184 5964
2185 7980
2186 6108
2187 9267
2188 5292
2189 7109
2190 5314
2191 5280
2192 8182
2193 5001
2194 6857
2195 6205
2196 5601
2197 10130
2198 6141
2199 6002
2200 6158
2201 6501
2202 6594
2203 6546
2204 6028
2205 6371
2206 9786
2207 10784
2208 9557
2209 12927
2210 9693
2211 9191
2212 11604
2213 12653
2214 10855
2215 10575
2216 11409
2217 10133
2218 10771
2219 10006
2220 9790
2221 10447
2222 8402
2223 17638
2224 9769
2225 10360
2226 11244
2227 9066
2228 8484
2229 8626
2230 13079
2231 9646
2232 12223
2233 7467
2234 8751
2235 4654
2236 5397
2237 4641
2238 5078
2239 5696
2240 5013
2241 4955
2242 4940
2243 5628
2244 5052
2245 5443
2246 4818
2247 6267
2248 5048
2249 4969
2250 5256
2251 5030
2252 5665
2253 5841
2254 5336
2255 4484
2256 5926
2257 4656
2258 7135
2259 5674
2260 6118
2261 8802
2262 6332
2263 5837
2264 6601
2265 7499
2266 6941
2267 6274
2268 7017
2269 6453
2270 5729
2271 6061
2272 8391
2273 5246
2274 7535
2275 4400
2276 5462
2277 5714
2278 6239
2279 4534
2280 6922
2281 7104
2282 5275
2283 6504
2284 5147
2285 5353
2286 5106
2287 5913
2288 5743
2289 7121
2290 4940
2291 3682
2292 5677
2293 5737
2294 6423
2295 6132
2296 5065
2297 5663
2298 4762
2299 6031
2300 5090
2301 5587
2302 5056
2303 4724
2304 4853
2305 4884
2306 4777
2307 5261
2308 5008
2309 5516
2310 5096
2311 4876
2312 4637
2313 3777
2314 5272
2315 5193
2316 5439
2317 4901
2318 3958
2319 4664
2320 4194
2321 4082
2322 4889
2323 6665
2324 8771
2325 5817
2326 7348
2327 5681
2328 6382
2329 6667
2330 7040
2331 6339
2332 6619
2333 8056
2334 6234
2335 5787
2336 5990
2337 8098
2338 7228
2339 6907
2340 5990
2341 6877
2342 6590
2343 6182
2344 7941
2345 6561
2346 9171
2347 6077
2348 15404
2349 20843
2350 13311
2351 16754
2352 13893
2353 14843
2354 15307
2355 14032
2356 15602
2357 14749
2358 19849
2359 12562
2360 15276
2361 10586
2362 13018
2363 17034
2364 15982
2365 18570
2366 13158
2367 21554
2368 12971
2369 12400
2370 12782
2371 11437
2372 18164
2373 17280
2374 15276
2375 11839
2376 27228
2377 18557
2378 22685
2379 21974
2380 14267
2381 15677
2382 17071
2383 15204
2384 20753
2385 14100
2386 14090
2387 8440
2388 10927
2389 7684
2390 9546
2391 13108
2392 10615
2393 10872
2394 10746
2395 9515
2396 10629
2397 11522
2398 9115
2399 10302
2400 10504
2401 9024
2402 9244
2403 10218
2404 9973
2405 8892
2406 6433
2407 5545
2408 8365
2409 7340
2410 6814
2411 7015
2412 9921
2413 6667
2414 6192
2415 6236
2416 6558
2417 6580
2418 7661
2419 5738
2420 6544
2421 6841
2422 7871
2423 7126
2424 7110
2425 8339
2426 6402
2427 6443
2428 6863
2429 5946
2430 7501
2431 7694
2432 6231
2433 7513
2434 7302
2435 6817
2436 7575
2437 6901
2438 7783
2439 7350
2440 6461
2441 6705
2442 6405
2443 7929
2444 7345
2445 7796
2446 7210
2447 5442
2448 9491
2449 6999
2450 7557
2451 7492
2452 6899
2453 7039
2454 6133
2455 6757
2456 5422
2457 5477
2458 5155
2459 5676
2460 5404
2461 6071
2462 6295
2463 7319
2464 7458
2465 6474
2466 8695
2467 6196
2468 6896
2469 6788
2470 7019
2471 6895
2472 8544
2473 8601
2474 8227
2475 7086
2476 8783
2477 7012
2478 7941
2479 7759
2480 7262
2481 9896
2482 7868
2483 4892
2484 7196
2485 8222
2486 6109
2487 6893
2488 6632
2489 8121
2490 6917
2491 8265
2492 7386
2493 6669
2494 6897
2495 7176
2496 6823
2497 7318
2498 6965
2499 8810
2500 6765
2501 7430
2502 7139
2503 6761
2504 10149
2505 7634
2506 6923
2507 6310
2508 6442
2509 6485
2510 8287
2511 7278
2512 7733
2513 7505
2514 12327
2515 13457
2516 8436
2517 8117
2518 7859
2519 9787
2520 10997
2521 8046
2522 7879
2523 9378
2524 8393
2525 9885
2526 12475
2527 9831
2528 9121
2529 8445
2530 7733
2531 8504
2532 7087
2533 14133
2534 8892
2535 9585
2536 18579
2537 7529
2538 7527
2539 8673
2540 5194
2541 6144
2542 6101
2543 6004
2544 5205
2545 4881
2546 5817
2547 6141
2548 5326
2549 6375
2550 5279
2551 6206
2552 7736
2553 5929
2554 5231
2555 5949
2556 7207
2557 6102
2558 7589
2559 12044
2560 11492
2561 9461
2562 8997
2563 7577
2564 6882
2565 9732
2566 9068
2567 8250
2568 9058
2569 9518
2570 11901
2571 8615
2572 9737
2573 8472
2574 8567
2575 9133
2576 8788
2577 8249
2578 8943
2579 9060
2580 8853
2581 11533
2582 13115
2583 12622
2584 12098
2585 9798
2586 13060
2587 11969
2588 10921
2589 13191
2590 11898
2591 12195
2592 11628
2593 14316
2594 19506
2595 11195
2596 10213
2597 11561
2598 11957
2599 12111
2600 11987
2601 14587
2602 12283
2603 12589
2604 11316
2605 11756
2606 11509
2607 11165
2608 11709
2609 11801
2610 15617
2611 12264
2612 14472
2613 9902
2614 12660
2615 8157
2616 7892
2617 7298
2618 8389
2619 8612
2620 9013
2621 7669
2622 8147
2623 9302
2624 7730
2625 9102
2626 7942
2627 9262
2628 8964
2629 8828
2630 10018
2631 9313
2632 9814
2633 9084
2634 8154
2635 8509
2636 3286
2637 3621
2638 4164
2639 851
2640 3767
2641 3532
2642 1253
2643 2852
2644 3460
2645 3469
2646 3652
2647 3201
2648 3203
2649 4438
2650 3320
2651 3579
2652 4136
2653 3231
2654 4335
2655 3320
2656 3988
2657 3169
2658 3943
2659 5104
2660 6287
2661 3976
2662 3001
2663 3599
2664 4703
2665 4467
2666 2615
2667 2857
2668 3170
2669 2575
2670 4500
2671 3397
2672 4768
2673 1771
2674 4636
2675 4469
2676 4154
2677 3261
2678 4866
2679 4795
2680 4460
2681 4621
2682 3960
2683 4890
2684 1314
2685 4548
2686 3285
2687 3293
2688 4174
2689 3936
2690 4054
2691 3707
2692 3714
2693 5614
2694 4332
2695 4118
2696 2482
2697 2824
2698 4023
2699 3952
2700 3192
2701 4026
2702 2538
2703 2903
2704 3278
2705 2679
2706 2832
2707 3421
2708 3626
2709 7498
2710 4075
2711 4202
2712 3726
2713 3906
2714 2726
2715 3915
2716 4012
2717 3803
2718 1551
2719 3536
2720 3133
2721 3566
2722 3552
2723 3676
2724 3187
2725 2312
2726 1774
2727 4497
2728 2265
2729 2255
2730 2746
2731 2813
2732 2190
2733 3187
2734 635
2735 2903
2736 2559
2737 1744
2738 3000
2739 1539
2740 2092
2741 1885
2742 2143
2743 2169
2744 2033
2745 2115
2746 3493
2747 2513
2748 3837
2749 2146
2750 2945
2751 910
2752 3973
2753 1798
2754 2048
2755 3863
2756 4135
2757 1711
2758 3767
2759 3189
2760 4491
2761 1005
2762 4001
2763 4220
2764 3856
2765 3176
2766 4159
2767 3760
2768 3740
2769 3244
2770 4312
2771 3068
2772 1781
2773 5846
2774 5476
2775 5774
2776 3040
2777 6401
2778 5815
2779 4914
2780 3140
2781 4951
2782 1457
2783 4473
2784 3419
2785 5520
2786 6381
2787 4655
2788 6673
2789 6124
2790 3544
2791 4693
2792 3195
2793 3100
2794 3995
2795 6562
2796 5741
2797 2881
2798 4364
2799 2637
2800 941
2801 3877
2802 1780
2803 4337
2804 4160
2805 3644
2806 3124
2807 3417
2808 3781
2809 1928
2810 3858
2811 3256
2812 5210
2813 5523
2814 4210
2815 3615
2816 4616
2817 2038
2818 4029
2819 3698
2820 4511
2821 4684
2822 4616
2823 4393
2824 3654
2825 4292
2826 3732
2827 4097
2828 4070
2829 3484
2830 3739
2831 4540
2832 3762
2833 3610
2834 4002
2835 4391
2836 4182
2837 3781
2838 3951
2839 7122
2840 4539
2841 6797
2842 7162
2843 6014
2844 4422
2845 6419
2846 6687
2847 6680
2848 7594
2849 2718
2850 7561
2851 9485
2852 8169
2853 7130
2854 6972
2855 10351
2856 6843
2857 4527
2858 5808
2859 4457
2860 6921
2861 6848
2862 7024
2863 6828
2864 7792
2865 9280
2866 5270
2867 5424
2868 7755
2869 7198
2870 7205
2871 5477
2872 5370
2873 7836
2874 2234
2875 7218
2876 7085
2877 7780
2878 5841
2879 7530
2880 8239
2881 4585
2882 8775
2883 4903
2884 6936
2885 5281
2886 7358
2887 7163
2888 7233
2889 8052
2890 5485
2891 5508
2892 6994
2893 5475
2894 6927
2895 6807
2896 5316
2897 7687
2898 9147
2899 3920
2900 4851
2901 3594
2902 6915
2903 5531
2904 3418
2905 4111
2906 3642
2907 5355
2908 5612
2909 5759
2910 3310
2911 7385
2912 2107
2913 5691
2914 7317
2915 5414
2916 4643
2917 6064
2918 6317
2919 4493
2920 4151
2921 2033
2922 6755
2923 1940
2924 5617
2925 4413
2926 1468
2927 3567
2928 6308
2929 3615
2930 6892
2931 2132
2932 5600
2933 4818
2934 6674
2935 5489
2936 1777
2937 5499
2938 5965
2939 3901
2940 8106
2941 1923
2942 7715
2943 7427
2944 8021
2945 9928
2946 7076
2947 8292
2948 7512
2949 6643
2950 7133
2951 8358
2952 6456
2953 8278
2954 7153
2955 9023
2956 6205
2957 8705
2958 6500
2959 7954
2960 5793
2961 8096
2962 6861
2963 11063
2964 8475
2965 7322
2966 7736
2967 6061
2968 7410
2969 5666
2970 6571
2971 6703
2972 9135
2973 7637
2974 10428
2975 8558
2976 15305
2977 11238
2978 6340
2979 4920
2980 5390
2981 700
2982 1370
2983 911
2984 1001
2985 1407
2986 503
2987 694
2988 616
2989 1571
2990 1548
2991 1585
2992 1147
2993 1121
2994 1324
2995 2336
2996 615
2997 7641
2998 10968
2999 9072
3000 10137
3001 10033
3002 11092
3003 5645
3004 10201
3005 7539
3006 7984
3007 8774
3008 8529
3009 7568
3010 5642
3011 7537
3012 9983
3013 9046
3014 8643
3015 7433
3016 8235
3017 3551
3018 1645
3019 5119
3020 1659
3021 1567
3022 3265
3023 1760
3024 1778
3025 1382
3026 1751
3027 1650
3028 1736
3029 1601
3030 1586
3031 1801
3032 1467
3033 990
3034 3186
3035 1729
3036 1803
3037 5025
3038 3261
3039 3115
3040 1744
3041 1735
3042 1611
3043 1471
3044 1701
3045 1909
3046 2627
3047 3023
3048 6082
3049 3310
3050 1606
3051 1726
3052 5391
3053 5032
3054 1523
3055 1863
3056 1389
3057 1320
3058 1900
3059 3824
3060 1580
3061 1880
3062 3302
3063 5030
3064 3910
3065 1309
3066 1852
3067 1550
3068 1485
3069 6027
3070 1613
3071 1257
3072 1146
3073 4751
3074 2304
3075 2928
3076 3724
3077 2839
3078 1475
3079 1534
3080 1415
3081 1474
3082 1527
3083 3368
3084 2881
3085 1574
3086 5084
3087 4468
3088 2379
3089 3623
3090 7412
3091 8073
3092 6522
3093 7799
3094 7219
3095 7615
3096 7053
3097 6657
3098 7005
3099 8268
3100 6449
3101 7493
3102 8359
3103 7517
3104 6635
3105 6591
3106 7306
3107 6415
3108 7719
3109 7794
3110 2789
3111 3986
3112 1690
3113 1479
3114 3161
3115 1245
3116 1224
3117 1205
3118 3215
3119 1402
3120 1526
3121 3070
3122 2822
3123 2858
3124 2619
3125 2743
3126 2575
3127 2882
3128 1484
3129 2672
3130 2679
3131 3114
3132 2811
3133 3383
3134 2505
3135 3012
3136 1294
3137 2727
3138 2278
3139 3281
3140 1417
3141 3285
3142 2685
3143 2739
3144 2761
3145 3148
3146 3063
3147 6157
3148 6926
3149 5528
3150 6274
3151 6682
3152 5922
3153 5278
3154 5718
3155 5315
3156 4689
3157 5415
3158 5850
3159 5815
3160 7548
3161 6503
3162 6829
3163 5688
3164 6039
3165 5682
3166 7065
3167 6663
3168 6657
3169 5919
3170 6982
3171 6934
3172 5652
3173 5663
3174 5924
3175 6704
3176 5083
3177 5911
3178 6401
3179 5903
3180 6417
3181 5667
3182 2983
3183 4808
3184 2000
3185 1732
3186 1795
3187 1458
3188 1538
3189 1623
3190 1657
3191 1717
3192 1890
3193 1683
3194 1394
3195 3361
3196 1472
3197 3482
3198 5122
3199 1759
3200 843
3201 1579
3202 1597
3203 1624
3204 1636
3205 1840
3206 3711
3207 5388
3208 5184
3209 5459
3210 4931
3211 6758
3212 4974
3213 4816
3214 1437
3215 3475
3216 1687
3217 4704
3218 1957
3219 1652
3220 1803
3221 3910
3222 1612
3223 2810
3224 2279
3225 1723
3226 3084
3227 1754
3228 3393
3229 5679
3230 5340
3231 3294
3232 5401
3233 5576
3234 1953
3235 3403
3236 3283
3237 3951
3238 5453
3239 1709
3240 5192
3241 1834
3242 6364
3243 3748
3244 5069
3245 3629
3246 3557
3247 1714
3248 5046
3249 5285
3250 3517
3251 3440
3252 3004
3253 7148
3254 6533
3255 8414
3256 6456
3257 7902
3258 6949
3259 8479
3260 8802
3261 6575
3262 6978
3263 3621
3264 4924
3265 6535
3266 6868
3267 6752
3268 7913
3269 7816
3270 7085
3271 6737
3272 7230
3273 6391
3274 6093
3275 4376
3276 4041
3277 6410
3278 4173
3279 3975
3280 6297
3281 4472
3282 6899
3283 4641
3284 4425
3285 6340
3286 4621
3287 4789
3288 5360
3289 4481
3290 4808
3291 6067
3292 5685
3293 6092
3294 6565
3295 5063
3296 5160
3297 5337
3298 5107
3299 5457
3300 4856
3301 4253
3302 5276
3303 5062
3304 4971
3305 5395
3306 6610
3307 3365
3308 3488
3309 5833
3310 5149
3311 3596
3312 3457
3313 4687
3314 2917
3315 3779
3316 5649
3317 6105
3318 5970
3319 5527
3320 5790
3321 4252
3322 1607
3323 1584
3324 4083
3325 4002
3326 4175
3327 3609
3328 4741
3329 4889
3330 4308
3331 4034
3332 4880
3333 4834
3334 5774
3335 3863
3336 1539
3337 4551
3338 4668
3339 4040
3340 3797
3341 4302
3342 4349
3343 5045
3344 1420
3345 4926
3346 1672
3347 5878
3348 5467
3349 4891
3350 2602
3351 3871
3352 2977
3353 1050
3354 3125
3355 1343
3356 5905
3357 4313
3358 1516
3359 4384
3360 4581
3361 4080
3362 4580
3363 1556
3364 2849
3365 3859
3366 3403
3367 4661
3368 3585
3369 9021
3370 3222
3371 6846
3372 3888
3373 9254
3374 6722
3375 3691
3376 4187
3377 6501
3378 7405
3379 4115
3380 4735
3381 5874
3382 7480
3383 6374
3384 3648
3385 3954
3386 5375
3387 5384
3388 5933
3389 5202
3390 5141
3391 5357
3392 4662
3393 4990
3394 5484
3395 5341
3396 6109
3397 5575
3398 6108
3399 5144
3400 5658
3401 5527
3402 4735
3403 5963
3404 4597
3405 4993
3406 5883
3407 2435
3408 3065
3409 3138
3410 4514
3411 5105
3412 3100
3413 2809
3414 4773
3415 2797
3416 1044
3417 4974
3418 3421
3419 3685
3420 4112
3421 3685
3422 3529
3423 4059
3424 8660
3425 2573
3426 8718
3427 8154
3428 4064
3429 4647
3430 7852
3431 6826
3432 5096
3433 6610
3434 4480
3435 6815
3436 3674
3437 5414
3438 6782
3439 5241
3440 7087
3441 6324
3442 7970
3443 7740
3444 4959
3445 4785
3446 2896
3447 3745
3448 2737
3449 2279
3450 2591
3451 3590
3452 2679
3453 1960
3454 2697
3455 3608
3456 3439
3457 3029
3458 2292
3459 2229
3460 3934
3461 3443
3462 2248
3463 2053
3464 1251
3465 1477
3466 3708
3467 3303
3468 2816
3469 4096
3470 1397
3471 2653
3472 1855
3473 1445
3474 1373
3475 2799
3476 2361
3477 2450
3478 2365
3479 2407
3480 2607
3481 2431
3482 1704
3483 2815
3484 2858
3485 2914
3486 1276
3487 2814
3488 2425
3489 2338
3490 2970
3491 1219
3492 1759
3493 1347
3494 3404
3495 4057
3496 4260
3497 6629
3498 3933
3499 4775
3500 1653
3501 4467
3502 5256
3503 5146
3504 4541
3505 5301
3506 4755
3507 4711
3508 4918
3509 5607
3510 6264
3511 5551
3512 5825
3513 4001
3514 4077
3515 4103
3516 2378
3517 4617
3518 3381
3519 4876
3520 4941
3521 3395
3522 3446
3523 5688
3524 2773
3525 3737
3526 3414
3527 3326
3528 3301
3529 2556
3530 2109
3531 3631
3532 2515
3533 3293
3534 2285
3535 1920
3536 1090
3537 3679
3538 2274
3539 3142
3540 3554
3541 2511
3542 3839
3543 2428
3544 3523
3545 2755
3546 3510
3547 1054
3548 1520
3549 4457
3550 1424
3551 2778
3552 3512
3553 4097
3554 2717
3555 2935
3556 3604
3557 4329
3558 1276
3559 4142
3560 5150
3561 4002
3562 2850
3563 1173
3564 2247
3565 1397
3566 2794
3567 1356
3568 2515
3569 2544
3570 3860
3571 4136
3572 6111
3573 6271
3574 6440
3575 2020
3576 3716
3577 4663
3578 4766
3579 3713
3580 1836
3581 4131
3582 4070
3583 6225
3584 2359
3585 3526
3586 3209
3587 3990
3588 2035
3589 4439
3590 6936
3591 5687
3592 4276
3593 5685
3594 6327
3595 3524
3596 4113
3597 8081
3598 7219
3599 8424
3600 7454
3601 9667
3602 10182
3603 5360
3604 7733
3605 6756
3606 7328
3607 3756
3608 7151
3609 6763
3610 5072
3611 5665
3612 4989
3613 4659
3614 6965
3615 5338
3616 7573
3617 8210
3618 10295
3619 6518
3620 7513
3621 6645
3622 6618
3623 7158
3624 6949
3625 6983
3626 7628
3627 8453
3628 6063
3629 8042
3630 8159
3631 7895
3632 9331
3633 7885
3634 6683
3635 7497
3636 6629
3637 7905
3638 7952
3639 7235
3640 9308
3641 8516
3642 7260
3643 7011
3644 9277
3645 7638
3646 1752
3647 1137
3648 1367
3649 1845
3650 2041
3651 1489
3652 1492
3653 1585
3654 1523
3655 1664
3656 1316
3657 1319
3658 1380
3659 1512
3660 939
3661 1830
3662 1607
3663 1829
3664 1666
3665 956
3666 1624
3667 1575
3668 1662
3669 1429
3670 1414
3671 1467
3672 1276
3673 1309
3674 1746
3675 2660
3676 1789
3677 1842
3678 1884
3679 1859
3680 1638
3681 1782
3682 1897
3683 1996
3684 1748
3685 1359
3686 1699
3687 2002
3688 1822
3689 1962
3690 1903
3691 2039
3692 2218
3693 1945
3694 805
3695 896
3696 821
3697 1315
3698 820
3699 903
3700 839
3701 1025
3702 1149
3703 646
3704 794
3705 1315
3706 1059
3707 859
3708 716
3709 929
3710 925
3711 1054
3712 736
3713 1432
3714 940
3715 1635
3716 1082
3717 818
3718 1032
3719 1099
3720 964
3721 1470
3722 931
3723 779
3724 1108
3725 704
3726 1080
3727 1558
3728 659
3729 1388
3730 1416
3731 992
3732 1266
3733 1429
3734 617
3735 652
3736 835
3737 1509
3738 526
3739 757
3740 1152
3741 663
3742 707
3743 565
3744 1203
3745 829
3746 601
3747 1363
3748 520
3749 730
3750 1149
3751 531
3752 999
3753 1055
3754 928
3755 664
3756 708
3757 714
3758 886
3759 1068
3760 701
3761 719
3762 1351
3763 1158
3764 973
3765 1213
3766 964
3767 938
3768 1052
3769 613
3770 708
3771 1157
3772 764
3773 689
3774 1270
3775 785
3776 1037
3777 430
3778 1088
3779 1138
3780 1913
3781 2131
3782 1329
3783 804
3784 870
3785 1403
3786 1646
3787 946
3788 1488
3789 1334
3790 1062
3791 1071
3792 1089
3793 888
3794 1077
3795 1278
3796 1739
3797 1189
3798 1172
3799 913
3800 1308
3801 502
3802 2056
3803 932
3804 1080
3805 1518
3806 615
3807 1038
3808 1218
3809 1025
3810 867
3811 2647
3812 2434
3813 2191
3814 1220
3815 2318
3816 832
3817 2069
3818 2948
3819 2479
3820 2134
3821 640
3822 3627
3823 907
3824 4928
3825 705
3826 1236
3827 948
3828 1609
3829 2181
3830 1148
3831 2208
3832 991
3833 1474
3834 2929
3835 1473
3836 2223
3837 3569
3838 1488
3839 741
3840 3119
3841 766
3842 785
3843 1171
3844 1312
3845 1088
3846 2410
3847 1891
3848 1476
3849 888
3850 1158
3851 866
3852 633
3853 1128
3854 1085
3855 2166
3856 1021
3857 2345
3858 2638
3859 1403
3860 3521
3861 2077
3862 2505
3863 3185
3864 2280
3865 4443
3866 3490
3867 2928
3868 3022
3869 1021
3870 998
3871 1061
3872 821
3873 1529
3874 1864
3875 1076
3876 1218
3877 1151
3878 1798
3879 1196
3880 1749
3881 2625
3882 1241
3883 2038
3884 939
3885 1340
3886 943
3887 1900
3888 2731
3889 2863
3890 1199
3891 2383
3892 1410
3893 1465
3894 2254
3895 1750
3896 1905
3897 1549
3898 973
3899 999
3900 941
3901 859
3902 1080
3903 768
3904 1220
3905 927
3906 1367
3907 1334
3908 1190
3909 887
3910 1887
3911 1400
3912 1162
3913 1336
3914 1486
3915 1239
3916 1524
3917 1529
3918 872
3919 1817
3920 1103
3921 815
3922 1880
3923 1534
3924 959
3925 1671
3926 1015
3927 1025
3928 848
3929 1106
3930 1955
3931 1292
3932 1615
3933 1551
3934 1764
3935 1097
3936 1548
3937 3018
3938 1242
3939 1367
3940 1124
3941 2660
3942 1295
3943 1453
3944 1189
3945 1600
3946 1480
3947 1102
3948 2286
3949 1433
3950 1706
3951 1454
3952 1480
3953 1883
3954 1296
3955 1096
3956 2653
3957 1279
3958 1233
3959 1230
3960 1314
3961 1719
3962 1213
3963 1708
3964 1415
3965 1368
3966 1237
3967 1364
3968 2590
3969 1689
3970 1453
3971 1847
3972 1428
3973 1220
3974 1236
3975 1550
3976 1605
3977 872
3978 518
3979 835
3980 719
3981 1153
3982 641
3983 1342
3984 465
3985 1163
3986 839
3987 1505
3988 1287
3989 749
3990 828
3991 590
3992 662
3993 1118
3994 1106
3995 1113
3996 802
3997 773
3998 992
3999 1673
4000 743
4001 588
4002 549
4003 754
4004 687
4005 1098
4006 1225
4007 943
4008 842
4009 553
4010 874
4011 555
4012 821
4013 581
4014 517
4015 676
4016 543
4017 1574
4018 829
4019 970
4020 1041
4021 992
4022 566
4023 1302
4024 907
4025 729
4026 646
4027 747
4028 1857
4029 1115
4030 1006
4031 889
4032 1155
4033 817
4034 1458
4035 1213
4036 975
4037 983
4038 2031
4039 1555
4040 890
4041 1037
4042 1239
4043 598
4044 1012
4045 1494
4046 1192
4047 1392
4048 575
4049 1664
4050 1020
4051 1572
4052 1179
4053 865
4054 768
4055 1541
4056 1570
4057 1487
4058 1898
4059 1654
4060 988
4061 1360
4062 827
4063 1025
4064 1140
4065 1728
4066 2097
4067 1001
4068 803
4069 1344
4070 1114
4071 1155
4072 1007
4073 790
4074 1183
4075 946
4076 1036
4077 834
4078 1504
4079 1095
4080 1330
4081 1226
4082 701
4083 1265
4084 1447
4085 1057
4086 924
4087 741
4088 871
4089 1112
4090 797
4091 841
4092 1330
4093 782
4094 1136
4095 808
4096 1348
4097 899
4098 1425
4099 1183
4100 922
4101 1163
4102 1194
4103 1781
4104 1366
4105 1038
4106 1187
4107 926
4108 1370
4109 1310
4110 804
4111 927
4112 1136
4113 1167
4114 795
4115 1639
4116 1202
4117 767
4118 1353
4119 1126
4120 1293
4121 1498
4122 1527
4123 1490
4124 1475
4125 1208
4126 739
4127 745
4128 1325
4129 1229
4130 1000
4131 1808
4132 1009
4133 1921
4134 1224
4135 1354
4136 901
4137 1322
4138 1011
4139 955
4140 1102
4141 1304
4142 812
4143 1750
4144 817
4145 799
4146 1414
4147 1713
4148 733
4149 966
4150 1269
4151 1826
4152 1221
4153 4125
4154 2710
4155 2072
4156 3233
4157 2151
4158 2772
4159 1216
4160 793
4161 1440
4162 877
4163 2139
4164 2022
4165 1326
4166 1290
4167 1493
4168 3326
4169 1270
4170 2213
4171 1721
4172 2379
4173 2061
4174 1717
4175 1060
4176 1014
4177 1757
4178 1793
4179 2289
4180 1329
4181 927
4182 1575
4183 1080
4184 2049
4185 2776
4186 1332
4187 1915
4188 3098
4189 1265
4190 1460
4191 3354
4192 2977
4193 1223
4194 2415
4195 1483
4196 1660
4197 1775
4198 1955
4199 1673
4200 1538
4201 2256
4202 1376
4203 1121
4204 1678
4205 1229
4206 2619
4207 1248
4208 2017
4209 4118
4210 8156
4211 4501
4212 7927
4213 4900
4214 2698
4215 1629
4216 2023
4217 2095
4218 2712
4219 2422
4220 1389
4221 2227
4222 3646
4223 2134
4224 6856
4225 1300
4226 1012
4227 1758
4228 9692
4229 5372
4230 1967
4231 2662
4232 2254
4233 7951
4234 1435
4235 1614
4236 3482
4237 3299
4238 4098
4239 8813
4240 6362
4241 8946
4242 1690
4243 4261
4244 3415
4245 1243
4246 1362
4247 3968
4248 1297
4249 1784
4250 2008
4251 4211
4252 1304
4253 3066
4254 975
4255 2259
4256 2540
4257 1390
4258 1128
4259 1177
4260 705
4261 2046
4262 1882
4263 846
4264 2325
4265 931
4266 1858
4267 1085
4268 855
4269 1402
4270 3899
4271 2569
4272 3047
4273 844
4274 709
4275 3191
4276 3302
4277 1995
4278 1433
4279 4382
4280 4885
4281 1338
4282 2899
4283 1409
4284 851
4285 2022
4286 1097
4287 1397
4288 1513
4289 1147
4290 5351
4291 610
4292 1152
4293 2363
4294 4664
4295 906
4296 1074
4297 855
4298 3943
4299 643
4300 1510
4301 1893
4302 1144
4303 727
4304 1501
4305 1619
4306 3118
4307 3682
4308 2683
4309 1463
4310 3226
4311 2070
4312 2151
4313 1916
4314 2713
4315 1292
4316 1683
4317 1124
4318 1499
4319 2103
4320 2281
4321 4448
4322 1529
4323 1553
4324 1760
4325 3498
4326 3713
4327 4753
4328 2312
4329 3111
4330 3076
4331 3501
4332 4465
4333 3093
4334 4012
4335 4597
4336 941
4337 1429
4338 6001
4339 1197
4340 3176
4341 3021
4342 1977
4343 3035
4344 1477
4345 2628
4346 2249
4347 1510
4348 3329
4349 3277
4350 4155
4351 4160
4352 5663
4353 2290
4354 2039
4355 1863
4356 1667
4357 2161
4358 2765
4359 3899
4360 2912
4361 2298
4362 1957
4363 1573
4364 2261
4365 2559
4366 1914
4367 1656
4368 2151
4369 2984
4370 1514
4371 2516
4372 1749
4373 2809
4374 4351
4375 3400
4376 3920
4377 2555
4378 3001
4379 1595
4380 3705
4381 1102
4382 2866
4383 3288
4384 1924
4385 1538
4386 2486
4387 2196
4388 3580
4389 3299
4390 2393
4391 2685
4392 4084
4393 4214
4394 5302
4395 3419
4396 2130
4397 2286
4398 2884
4399 4155
4400 2237
4401 3951
4402 4361
4403 3769
4404 2631
4405 2735
4406 3570
4407 3196
4408 4141
4409 3770
4410 2261
4411 2509
4412 2798
4413 4267
4414 1571
4415 4354
4416 6400
4417 4736
4418 2266
4419 1837
4420 3480
4421 1736
4422 1333
4423 3343
4424 2673
4425 1221
4426 3724
4427 3139
4428 2734
4429 3736
4430 3438
4431 2480
4432 2486
4433 6676
4434 4830
4435 1152
4436 3698
4437 3125
4438 4566
4439 3659
4440 3878
4441 1643
4442 2190
4443 2300
4444 2858
4445 2023
4446 2411
4447 3141
4448 3538
4449 2694
4450 3259
4451 3005
4452 2656
4453 2112
4454 3202
4455 3015
4456 2121
4457 3668
4458 1688
4459 4097
4460 4323
4461 3613
4462 1131
4463 1358
4464 2143
4465 1136
4466 825
4467 3166
4468 2654
4469 2905
4470 1280
4471 1606
4472 3496
4473 3921
4474 3899
4475 898
4476 938
4477 1116
4478 2299
4479 1180
4480 2567
4481 3680
4482 3582
4483 1399
4484 926
4485 1383
4486 1983
4487 283
4488 955
4489 975
4490 708
4491 916
4492 897
4493 1860
4494 1253
4495 587
4496 998
4497 1021
4498 799
4499 679
4500 2252
4501 982
4502 902
4503 1231
4504 848
4505 818
4506 1440
4507 2157
4508 542
4509 1395
4510 1081
4511 1657
4512 967
4513 860
4514 774
4515 1006
4516 1439
4517 815
4518 1789
4519 1051
4520 696
4521 1885
4522 1357
4523 1453
4524 948
4525 1218
4526 5060
4527 5516
4528 4604
4529 5316
4530 4984
4531 5395
4532 2826
4533 2059
4534 6223
4535 1803
4536 4618
4537 2260
4538 3905
4539 5771
4540 4941
4541 4902
4542 3223
4543 2537
4544 2434
4545 4134
4546 4197
4547 2787
4548 6519
4549 6979
4550 10494
4551 2092
4552 6199
4553 10070
4554 7514
4555 5289
4556 8704
4557 6563
4558 1898
4559 4810
4560 5036
4561 8654
4562 7439
4563 8262
4564 1829
4565 6906
4566 10038
4567 3726
4568 2456
4569 6701
4570 7040
4571 5464
4572 7553
4573 8941
4574 8898
4575 3498
4576 2253
4577 1211
4578 2275
4579 3337
4580 1860
4581 2227
4582 2950
4583 1016
4584 2843
4585 3379
4586 1127
4587 1864
4588 2329
4589 2350
4590 2341
4591 2196
4592 3164
4593 2076
4594 3232
4595 3159
4596 2292
4597 948
4598 2969
4599 1001
4600 1231
4601 4598
4602 3640
4603 1383
4604 4471
4605 5238
4606 2735
4607 2994
4608 1479
4609 4969
4610 2653
4611 4996
4612 1499
4613 3093
4614 3043
4615 4057
4616 5196
4617 2686
4618 1229
4619 4530
4620 4869
4621 1356
4622 1317
4623 1373
4624 1450
4625 2223
4626 2740
4627 2463
4628 2340
4629 3090
4630 2335
4631 2190
4632 1382
4633 2730
4634 938
4635 3348
4636 3291
4637 2316
4638 2275
4639 2849
4640 3746
4641 2685
4642 2354
4643 3258
4644 3127
4645 1055
4646 958
4647 2913
4648 2482
4649 3168
4650 4497
4651 1362
4652 4687
4653 903
4654 1380
4655 3344
4656 2568
4657 1591
4658 2449
4659 1389
4660 4618
4661 3070
4662 1527
4663 1343
4664 1489
4665 4294
4666 2679
4667 1807
4668 3849
4669 1117
4670 1198
4671 2877
4672 1469
4673 1219
4674 3127
4675 3342
4676 1386
4677 1531
4678 1533
4679 1272
4680 2549
4681 816
4682 4105
4683 1423
4684 1344
4685 2991
4686 1117
4687 2473
4688 2126
4689 2427
4690 1162
4691 1278
4692 1143
4693 2171
4694 2854
4695 3731
4696 2828
4697 1189
4698 1202
4699 1207
4700 2250
4701 2068
4702 2446
4703 1235
4704 1110
4705 2381
4706 3391
4707 1391
4708 2260
4709 1260
4710 955
4711 2718
4712 1746
4713 1576
4714 598
4715 2586
4716 2202
4717 1467
4718 1672
4719 732
4720 2699
4721 912
4722 1763
4723 1799
4724 692
4725 2276
4726 2263
4727 2601
4728 659
4729 1567
4730 5107
4731 1291
4732 2510
4733 2739
4734 3157
4735 2692
4736 2819
4737 2317
4738 3806
4739 4150
4740 2511
4741 1209
4742 2308
4743 2241
4744 1554
4745 1318
4746 4459
4747 2520
4748 2996
4749 5578
4750 2422
4751 2840
4752 2633
4753 4365
4754 2847
4755 4453
4756 2173
4757 4031
4758 4268
4759 4873
4760 5026
4761 4244
4762 4080
4763 4027
4764 4458
4765 5739
4766 6118
4767 3625
4768 4599
4769 3891
4770 3862
4771 4021
4772 1958
4773 2863
4774 1984
4775 2051
4776 1046
4777 2071
4778 2703
4779 1213
4780 1943
4781 1803
4782 2782
4783 1205
4784 2488
4785 1484
4786 1709
4787 3063
4788 1739
4789 1652
4790 1030
4791 744
4792 1969
4793 1123
4794 1230
4795 926
4796 1039
4797 2306
4798 2480
4799 1011
4800 1276
4801 1376
4802 831
4803 3890
4804 3661
4805 3406
4806 1281
4807 2323
4808 1144
4809 3113
4810 1231
4811 1231
4812 1139
4813 1449
4814 1255
4815 3095
4816 1203
4817 929
4818 1992
4819 3465
4820 1532
4821 2944
4822 1590
4823 1345
4824 1302
4825 2919
4826 2183
4827 4383
4828 3334
4829 2614
4830 1617
4831 1319
4832 4139
4833 3078
4834 3256
4835 1338
4836 3148
4837 2810
4838 4325
4839 3064
4840 3400
4841 2740
4842 1380
4843 2925
4844 1395
4845 3023
4846 4243
4847 2186
4848 2142
4849 1250
4850 2401
4851 1245
4852 783
4853 1042
4854 3645
4855 1227
4856 1120
4857 2332
4858 2309
4859 2098
4860 1157
4861 1232
4862 1361
4863 4322
4864 2332
4865 688
4866 2572
4867 1267
4868 1876
4869 1100
4870 1866
4871 3430
4872 1073
4873 1072
4874 1104
4875 1088
4876 3658
4877 1190
4878 2483
4879 1144
4880 2949
4881 1105
4882 4837
4883 3401
4884 2015
4885 2168
4886 2421
4887 1507
4888 3165
4889 2395
4890 1017
4891 2055
4892 1001
4893 2350
4894 1459
4895 2339
4896 878
4897 1856
4898 3657
4899 2102
4900 1074
4901 1043
4902 2092
4903 2199
4904 1857
4905 2212
4906 1850
4907 1032
4908 3268
4909 2354
4910 3067
4911 1113
4912 2351
4913 3026
4914 2041
4915 831
4916 855
4917 1530
4918 2318
4919 2246
4920 1703
4921 2951
4922 2755
4923 1989
4924 2894
4925 1659
4926 3366
4927 3088
4928 2787
4929 2952
4930 3040
4931 3052
4932 1022
4933 3406
4934 1934
4935 3088
4936 2182
4937 1211
4938 2726
4939 2291
4940 1008
4941 2151
4942 3319
4943 2913
4944 3621
4945 1162
4946 1027
4947 3911
4948 2955
4949 2101
4950 2120
4951 2190
4952 3212
4953 1808
4954 2036
4955 1190
4956 3630
4957 949
4958 2278
4959 899
4960 2165
4961 3940
4962 1790
4963 2989
4964 1938
4965 2184
4966 2192
4967 2409
4968 2532
4969 1786
4970 3398
4971 3438
4972 1748
4973 3037
4974 1809
4975 2176
4976 3259
4977 2198
4978 2793
4979 1180
4980 1089
4981 1207
4982 1538
4983 2374
4984 2297
4985 2551
4986 1131
4987 4714
4988 1200
4989 1164
4990 2574
4991 1435
4992 1342
4993 1456
4994 2849
4995 1500
4996 2780
4997 2804
4998 2259
4999 2446
5000 2217
5001 2510
5002 1294
5003 3190
5004 2986
5005 2942
5006 1049
5007 1427
5008 2758
5009 1257
5010 3609
5011 1200
5012 2772
5013 2958
5014 1221
5015 1212
5016 2905
5017 1120
5018 3276
5019 2948
5020 1186
5021 3845
5022 1118
5023 3547
5024 2570
5025 1051
5026 3397
5027 2243
5028 944
5029 1063
5030 3085
5031 1067
5032 3595
5033 2485
5034 1092
5035 1147
5036 2120
5037 3818
5038 2487
5039 2342
5040 3256
5041 2638
5042 3604
5043 2637
5044 2778
5045 3511
5046 1140
5047 2024
5048 2206
5049 2094
5050 1125
5051 2730
5052 2388
5053 3395
5054 1005
5055 2044
5056 1190
5057 1130
5058 2373
5059 1047
5060 2032
5061 2311
5062 1775
5063 1950
5064 2335
5065 2132
5066 3948
5067 3124
5068 2990
5069 952
5070 3198
5071 2899
5072 1976
5073 2115
5074 3394
5075 2108
5076 3599
5077 3733
5078 2315
5079 3103
5080 2156
5081 2221
5082 2093
5083 3531
5084 2386
5085 3390
5086 4004
5087 4371
5088 4345
5089 2278
5090 1108
5091 3139
5092 2571
5093 4073
5094 4255
5095 2379
5096 1263
5097 1231
5098 2324
5099 4130
5100 3324
5101 3113
5102 1268
5103 1125
5104 1138
5105 1324
5106 1170
5107 1265
5108 4093
5109 3572
5110 2843
5111 1380
5112 2502
5113 1112
5114 1316
5115 4117
5116 1234
5117 1316
5118 4037
5119 2793
5120 1258
5121 1541
5122 1281
5123 1298
5124 1207
5125 1218
5126 3709
5127 1245
5128 1176
5129 2273
5130 2229
5131 2173
5132 2441
5133 2205
5134 1936
5135 1047
5136 1200
5137 2907
5138 2460
5139 3793
5140 1965
5141 3018
5142 2005
5143 1195
5144 2552
5145 2025
5146 3231
5147 1113
5148 2549
5149 2763
5150 3446
5151 3409
5152 2588
5153 2643
5154 2286
5155 3494
5156 2460
5157 3752
5158 3617
5159 3889
5160 2688
5161 2458
5162 2231
5163 4288
5164 2529
5165 58
5166 32
5167 747
5168 38
5169 2658
5170 1866
5171 904
5172 1977
5173 1728
5174 916
5175 747
5176 817
5177 843
5178 1681
5179 2202
5180 2267
5181 1003
5182 1488
5183 962
5184 2999
5185 880
5186 3057
5187 3065
5188 1846
5189 2887
5190 3022
5191 2680
5192 2039
5193 851
5194 774
5195 834
5196 949
5197 913
5198 811
5199 3031
5200 1599
5201 3804
5202 3647
5203 3580
5204 3245
5205 3663
5206 3699
5207 3729
5208 3238
5209 3624
5210 3078
5211 3584
5212 3302
5213 3202
5214 3198
5215 3403
5216 2517
5217 1017
5218 3010
5219 3230
5220 2800
5221 3213
5222 990
5223 3231
5224 1042
5225 957
5226 2099
5227 979
5228 3730
5229 2935
5230 1988
5231 3251
5232 3488
5233 2138
5234 2931
5235 744
5236 1529
5237 739
5238 2455
5239 2479
5240 1753
5241 2400
5242 2386
5243 2087
5244 478
5245 1578
5246 758
5247 2409
5248 1188
5249 2585
5250 1231
5251 1588
5252 1424
5253 808
5254 3107
5255 693
5256 2116
5257 771
5258 1735
5259 1660
5260 1214
5261 770
5262 860
5263 696
5264 635
5265 665
5266 717
5267 704
5268 674
5269 510
5270 1469
5271 1348
5272 772
5273 707
5274 753
5275 784
5276 569
5277 547
5278 633
5279 700
5280 1399
5281 2124
5282 759
5283 1321
5284 1296
5285 509
5286 671
5287 653
5288 683
5289 612
5290 2467
5291 1282
5292 1011
5293 1261
5294 1025
5295 945
5296 881
5297 1113
5298 2710
5299 868
5300 1032
5301 985
5302 1143
5303 784
5304 953
5305 1035
5306 922
5307 1129
5308 1039
5309 928
5310 1153
5311 999
5312 1196
5313 980
5314 1261
5315 1497
5316 1983
5317 671
5318 891
5319 2298
5320 1048
5321 1118
5322 1048
5323 2051
5324 837
5325 1109
5326 1309
5327 1152
5328 1090
5329 982
5330 1037
5331 1123
5332 1030
5333 1237
5334 1103
5335 845
5336 1171
5337 4785
5338 1357
5339 2598
5340 2686
5341 2439
5342 2488
5343 2648
5344 1145
5345 2754
5346 2443
5347 2870
5348 2912
5349 3036
5350 3051
5351 3794
5352 2927
5353 4576
5354 3197
5355 2877
5356 3298
5357 1275
5358 2592
5359 1171
5360 1599
5361 2409
5362 2271
5363 2344
5364 2184
5365 2170
5366 2059
5367 3609
5368 2362
5369 2073
5370 2696
5371 1167
5372 1395
5373 1833
5374 1337
5375 1369
5376 2319
5377 3014
5378 2655
5379 2311
5380 3256
5381 2282
5382 3335
5383 3250
5384 3716
5385 3223
5386 4117
5387 2424
5388 1927
5389 2387
5390 2663
5391 2887
5392 2606
5393 2494
5394 3965
5395 2548
5396 3409
5397 3029
5398 3306
5399 2011
5400 2172
5401 2767
5402 963
5403 769
5404 1036
5405 969
5406 928
5407 914
5408 2788
5409 887
5410 1391
5411 859
5412 1950
5413 910
5414 888
5415 876
5416 1532
5417 2519
5418 3058
5419 796
5420 924
5421 943
5422 912
5423 3054
5424 2471
5425 2508
5426 2333
5427 2571
5428 3666
5429 1970
5430 2510
5431 2356
5432 2683
5433 3985
5434 1968
5435 2336
5436 2941
5437 3156
5438 4016
5439 2217
5440 2694
5441 2093
5442 3640
5443 1198
5444 2501
5445 3307
5446 946
5447 2049
5448 1057
5449 2055
5450 1041
5451 2197
5452 2045
5453 2063
5454 949
5455 1773
5456 1183
5457 2218
5458 1112
5459 1979
5460 2122
5461 1185
5462 2339
5463 1942
5464 2050
5465 1264
5466 856
5467 973
5468 1996
5469 2627
5470 1071
5471 1119
5472 3143
5473 1278
5474 1021
5475 984
5476 1975
5477 2969
5478 2244
5479 1810
5480 2095
5481 2565
5482 1777
5483 1969
5484 2280
5485 2573
5486 2269
5487 2391
5488 1968
5489 2942
5490 3182
5491 2603
5492 1290
5493 884
5494 3198
5495 2249
5496 2215
5497 1036
5498 2945
5499 2937
5500 2541
5501 2323
5502 2789
5503 1211
5504 1911
5505 2579
5506 2407
5507 4014
5508 3777
5509 1127
5510 2631
5511 2564
5512 2080
5513 3302
5514 2070
5515 2405
5516 1319
5517 2335
5518 1115
5519 2465
5520 3790
5521 1207
5522 2676
5523 1216
5524 1054
5525 3532
5526 3661
5527 4584
5528 3590
5529 4222
5530 1210
5531 3932
5532 2600
5533 1416
5534 1237
5535 1159
5536 2263
5537 2444
5538 1227
5539 4455
5540 1305
5541 3778
5542 3558
5543 1285
5544 1326
5545 1147
5546 2262
5547 1298
5548 4292
5549 3156
5550 3912
5551 4309
5552 2846
5553 2996
5554 3181
5555 2821
5556 3509
5557 3707
5558 5595
5559 2844
5560 4303
5561 2486
5562 2149
5563 3040
5564 2925
5565 4555
5566 1750
5567 1019
5568 730
5569 1646
5570 1832
5571 1733
5572 2798
5573 1757
5574 959
5575 1856
5576 963
5577 1862
5578 2710
5579 2932
5580 812
5581 1678
5582 1019
5583 784
5584 902
5585 1901
5586 836
5587 754
5588 2962
5589 1483
5590 2246
5591 1100
5592 1024
5593 2096
5594 2299
5595 2730
5596 1218
5597 1169
5598 2242
5599 2461
5600 2339
5601 1952
5602 1075
5603 2519
5604 1337
5605 2576
5606 948
5607 2632
5608 2257
5609 905
5610 876
5611 2182
5612 1161
5613 2159
5614 2361
5615 1173
5616 2439
5617 1083
5618 1084
5619 2192
5620 1158
5621 1224
5622 1193
5623 2663
5624 1370
5625 1017
5626 1167
5627 2472
5628 1252
5629 2627
5630 2259
5631 1234
5632 1116
5633 1140
5634 1081
5635 2049
5636 961
5637 1273
5638 1502
5639 1285
5640 1157
5641 2229
5642 2572
5643 2253
5644 1067
5645 1211
5646 1069
5647 3373
5648 4434
5649 1541
5650 4395
5651 3207
5652 4199
5653 3195
5654 2999
5655 3003
5656 4853
5657 3032
5658 1508
5659 1364
5660 2694
5661 1661
5662 3106
5663 2992
5664 3043
5665 1480
5666 1367
5667 1590
5668 2776
5669 2945
5670 3102
5671 1348
5672 1766
5673 2782
5674 2991
5675 2842
5676 930
5677 875
5678 876
5679 870
5680 910
5681 1676
5682 1987
5683 889
5684 722
5685 3139
5686 1001
5687 941
5688 818
5689 880
5690 3046
5691 883
5692 848
5693 1239
5694 1102
5695 1737
5696 817
5697 1787
5698 869
5699 853
5700 776
5701 816
5702 881
5703 816
5704 1256
5705 902
5706 743
5707 879
5708 1627
5709 1800
5710 777
5711 2661
5712 2817
5713 864
5714 848
5715 770
5716 1740
5717 2242
5718 2851
5719 2452
5720 2248
5721 3257
5722 2125
5723 2269
5724 2339
5725 2162
5726 2078
5727 3335
5728 1489
5729 1453
5730 2458
5731 1219
5732 2583
5733 1211
5734 1423
5735 1099
5736 2654
5737 3066
5738 1300
5739 1108
5740 1087
5741 2847
5742 2638
5743 1460
5744 1233
5745 1389
5746 1554
5747 2422
5748 1259
5749 2549
5750 4550
5751 3824
5752 2175
5753 1844
5754 833
5755 632
5756 975
5757 926
5758 1144
5759 1055
5760 1069
5761 950
5762 938
5763 2768
5764 1096
5765 915
5766 1228
5767 847
5768 1232
5769 1393
5770 917
5771 1074
5772 834
5773 766
5774 863
5775 2080
5776 1462
5777 1104
5778 983
5779 1899
5780 1045
5781 1104
5782 1012
5783 986
5784 1928
5785 2019
5786 1855
5787 1562
5788 2842
5789 3492
5790 3021
5791 774
5792 823
5793 2283
5794 2383
5795 1054
5796 1252
5797 2543
5798 3181
5799 1058
5800 953
5801 1198
5802 1212
5803 2120
5804 1126
5805 1241
5806 2744
5807 1045
5808 2395
5809 2013
5810 2147
5811 2397
5812 1002
5813 956
5814 1072
5815 2233
5816 960
5817 956
5818 1008
5819 1889
5820 1028
5821 1134
5822 1085
5823 2553
5824 3485
5825 1096
5826 929
5827 2088
5828 3064
5829 2919
5830 2072
5831 2146
5832 2624
5833 2613
5834 1939
5835 1888
5836 3006
5837 2074
5838 1961
5839 2064
5840 2973
5841 2988
5842 1575
5843 1708
5844 1780
5845 2573
5846 1857
5847 2047
5848 2322
5849 942
5850 1012
5851 2489
5852 1555
5853 1555
5854 2918
5855 958
5856 2710
5857 1379
5858 2784
5859 2530
5860 2867
5861 848
5862 2440
5863 806
5864 1845
5865 812
5866 2582
5867 2129
5868 930
5869 3268
5870 2790
5871 1750
5872 2686
5873 2799
5874 2737
5875 2502
5876 2751
5877 2735
5878 2899
5879 2555
5880 2539
5881 1837
5882 1930
5883 3419
5884 2976
5885 3161
5886 3075
5887 3358
5888 2097
5889 4491
5890 3316
5891 1890
5892 2933
5893 1664
5894 1965
5895 3315
5896 2172
5897 2818
5898 2847
5899 938
5900 2573
5901 3574
5902 3591
5903 2423
5904 3741
5905 3456
5906 3125
5907 3019
5908 3936
5909 3505
5910 2375
5911 2337
5912 1026
5913 2319
5914 2403
5915 3443
5916 3364
5917 2926
5918 3977
5919 3942
5920 2243
5921 2955
5922 1970
5923 3061
5924 2899
5925 3289
5926 2924
5927 3152
5928 2882
5929 2895
5930 1129
5931 2639
5932 3258
5933 2771
5934 2262
5935 2513
5936 1994
5937 3622
5938 2816
5939 1036
5940 905
5941 1221
5942 273
5943 929
5944 349
5945 426
5946 1295
5947 1375
5948 783
5949 305
5950 260
5951 293
5952 758
5953 744
5954 456
5955 789
5956 840
5957 423
5958 1534
5959 2537
5960 2673
5961 978
5962 2741
5963 1757
5964 1695
5965 2360
5966 899
5967 892
5968 792
5969 1921
5970 2355
5971 2688
5972 1905
5973 3461
5974 728
5975 1613
5976 3387
5977 6374
5978 6146
5979 6713
5980 7107
5981 6245
5982 5719
5983 6415
5984 4138
5985 5702
5986 2802
5987 3428
5988 2979
5989 3526
5990 3684
5991 2649
5992 3488
5993 4093
5994 3171
5995 3287
5996 3024
5997 2974
5998 2697
5999 3064
6000 2626
6001 3124
6002 1017
6003 2368
6004 1240
6005 3970
6006 1100
6007 2140
6008 2477
6009 4142
6010 4063
6011 2138
6012 1237
6013 3444
6014 2571
6015 2684
6016 2287
6017 1302
6018 2767
6019 3082
6020 2932
6021 2587
6022 2904
6023 2894
6024 2700
6025 3172
6026 3009
6027 1436
6028 2750
6029 2790
6030 1361
6031 3148
6032 2279
6033 2468
6034 2739
6035 2397
6036 2993
6037 3227
6038 3006
6039 2574
6040 2522
6041 3352
6042 2288
6043 1531
6044 2698
6045 1419
6046 1273
6047 2505
6048 1322
6049 2609
6050 1219
6051 2617
6052 2812
6053 1307
6054 2993
6055 1318
6056 2542
6057 3234
6058 1783
6059 4859
6060 1326
6061 1262
6062 4098
6063 2548
6064 1288
6065 1445
6066 1578
6067 1273
6068 4909
6069 2871
6070 1525
6071 1232
6072 1482
6073 1162
6074 2751
6075 1491
6076 2782
6077 4382
6078 5872
6079 6177
6080 5735
6081 3581
6082 7300
6083 6178
6084 4258
6085 7141
6086 6134
6087 7077
6088 6226
6089 4472
6090 5873
6091 4100
6092 6407
6093 3500
6094 1696
6095 3821
6096 2215
6097 2969
6098 2541
6099 3198
6100 3362
6101 3014
6102 1205
6103 2500
6104 1115
6105 1383
6106 2555
6107 3140
6108 2466
6109 2344
6110 3224
6111 2633
6112 1078
6113 1038
6114 1109
6115 1045
6116 2641
6117 1958
6118 1135
6119 2383
6120 2527
6121 3044
6122 3605
6123 1030
6124 3028
6125 2859
6126 2292
6127 3142
6128 1956
6129 2035
6130 1823
6131 2382
6132 1993
6133 3105
6134 3154
6135 2852
6136 905
6137 2015
6138 2927
6139 3534
6140 3185
6141 4054
6142 3406
6143 3379
6144 3467
6145 2437
6146 3962
6147 3078
6148 2856
6149 3595
6150 3486
6151 3281
6152 3284
6153 2576
6154 2524
6155 3761
6156 3571
6157 1336
6158 3108
6159 2707
6160 4262
6161 2780
6162 4519
6163 3520
6164 3691
6165 2790
6166 4627
6167 2837
6168 4868
6169 2679
6170 4057
6171 3746
6172 3816
6173 2936
6174 2911
6175 2792
6176 3229
6177 4420
6178 2356
6179 3452
6180 2138
6181 965
6182 1554
6183 1226
6184 2693
6185 1422
6186 3191
6187 3611
6188 3185
6189 1225
6190 3018
6191 3996
6192 4437
6193 1249
6194 6047
6195 4853
6196 2777
6197 5483
6198 3920
6199 3933
6200 2645
6201 4043
6202 3104
6203 2721
6204 943
6205 2212
6206 3130
6207 1136
6208 2040
6209 2248
6210 3069
6211 3151
6212 3629
6213 1223
6214 1185
6215 1057
6216 2640
6217 2463
6218 2604
6219 2080
6220 2439
6221 2103
6222 2333
6223 2204
6224 768
6225 1136
6226 2358
6227 1144
6228 1026
6229 1126
6230 2339
6231 1175
6232 2921
6233 2250
6234 2400
6235 1829
6236 4277
6237 3039
6238 3374
6239 3980
6240 4101
6241 4101
6242 3862
6243 3006
6244 4031
6245 3484
6246 4000
6247 2169
6248 2079
6249 2049
6250 1723
6251 1799
6252 1930
6253 1266
6254 2173
6255 1940
6256 2006
6257 1932
6258 1689
6259 2131
6260 1143
6261 1043
6262 2007
6263 1882
6264 2173
6265 974
6266 2034
6267 3002
6268 1622
6269 2182
6270 2130
6271 2105
6272 3381
6273 1016
6274 982
6275 3423
6276 2117
6277 2395
6278 3996
6279 2106
6280 1925
6281 2182
6282 2165
6283 1148
6284 3216
6285 1287
6286 1334
6287 2768
6288 1257
6289 4518
6290 1400
6291 2870
6292 3506
6293 1284
6294 1165
6295 2919
6296 1546
6297 2791
6298 2747
6299 3061
6300 1503
6301 2775
6302 1593
6303 2293
6304 2734
6305 2396
6306 2712
6307 3282
6308 1403
6309 3512
6310 3126
6311 2821
6312 3211
6313 3164
6314 2600
6315 3092
6316 2520
6317 3012
6318 844
6319 776
6320 465
6321 1804
6322 746
6323 1685
6324 1825
6325 1383
6326 2236
6327 864
6328 829
6329 1600
6330 2399
6331 2502
6332 2518
6333 1509
6334 1280
6335 750
6336 745
6337 1491
6338 1619
6339 749
6340 754
6341 773
6342 948
6343 777
6344 1027
6345 2444
6346 2443
6347 2664
6348 3094
6349 2750
6350 2769
6351 3214
6352 2965
6353 2903
6354 3574
6355 3388
6356 2756
6357 2918
6358 3421
6359 3591
6360 3091
6361 3303
6362 2971
6363 2799
6364 2960
6365 922
6366 963
6367 1934
6368 1089
6369 1946
6370 3257
6371 840
6372 1128
6373 2062
6374 2006
6375 1770
6376 1744
6377 1989
6378 864
6379 2009
6380 980
6381 1054
6382 937
6383 2152
6384 1761
6385 1101
6386 816
6387 955
6388 888
6389 2747
6390 984
6391 913
6392 2349
6393 1558
6394 868
6395 919
6396 943
6397 1763
6398 931
6399 834
6400 875
6401 2020
6402 2484
6403 1766
6404 2875
6405 1356
6406 886
6407 1910
6408 2518
6409 3090
6410 989
6411 2247
6412 2002
6413 1770
6414 1732
6415 788
6416 1794
6417 901
6418 812
6419 2874
6420 4265
6421 5058
6422 6306
6423 3067
6424 2925
6425 4749
6426 3628
6427 4551
6428 6098
6429 5605
6430 1910
6431 2537
6432 2772
6433 3235
6434 2312
6435 1176
6436 2192
6437 1132
6438 3523
6439 2154
6440 2299
6441 867
6442 3083
6443 1323
6444 3175
6445 974
6446 1203
6447 2072
6448 1096
6449 2415
6450 3190
6451 898
6452 2386
6453 2184
6454 2296
6455 1200
6456 4106
6457 2290
6458 1086
6459 1158
6460 1066
6461 1220
6462 888
6463 1162
6464 3400
6465 949
6466 1209
6467 3535
6468 2275
6469 3338
6470 987
6471 1849
6472 2186
6473 1918
6474 2255
6475 2157
6476 770
6477 1420
6478 1008
6479 2311
6480 853
6481 1122
6482 931
6483 2264
6484 1940
6485 878
6486 3368
6487 3900
6488 1235
6489 2119
6490 2677
6491 2214
6492 2871
6493 1468
6494 2847
6495 2789
6496 1373
6497 1975
6498 2751
6499 3096
6500 1529
6501 3334
6502 2417
6503 4293
6504 3247
6505 2311
6506 1358
6507 2720
6508 1740
6509 508
6510 1509
6511 4008
6512 3092
6513 2338
6514 1296
6515 2316
6516 3523
6517 1131
6518 1014
6519 1476
6520 1361
6521 1150
6522 1111
6523 1321
6524 4175
6525 2369
6526 1078
6527 1057
6528 2786
6529 1587
6530 1334
6531 2922
6532 1523
6533 1082
6534 1337
6535 1260
6536 1475
6537 1300
6538 1014
6539 2688
6540 1118
6541 1420
6542 1173
6543 1185
6544 1120
6545 1243
6546 1028
6547 1391
6548 1016
6549 1235
6550 1065
6551 1448
6552 1163
6553 1528
6554 1082
6555 2724
6556 2907
6557 2395
6558 3866
6559 2320
6560 2554
6561 4052
6562 3830
6563 4516
6564 4045
6565 2566
6566 2374
6567 3708
6568 2594
6569 2742
6570 2582
6571 2683
6572 2564
6573 2642
6574 3591
6575 3581
6576 4022
6577 3656
6578 3658
6579 3852
6580 3727
6581 3357
6582 5794
6583 3447
6584 2914
6585 3944
6586 3576
6587 3243
6588 3437
6589 2315
6590 2249
6591 2357
6592 2786
6593 2509
6594 1876
6595 2437
6596 2498
6597 3424
6598 1877
6599 1620
6600 2366
6601 2328
6602 2163
6603 2276
6604 2584
6605 2547
6606 1927
6607 2244
6608 2186
6609 2094
6610 1341
6611 2444
6612 2403
6613 1148
6614 2403
6615 2508
6616 2613
6617 2547
6618 3412
6619 1155
6620 2124
6621 2527
6622 2282
6623 2147
6624 3638
6625 4112
6626 4858
6627 4124
6628 4543
6629 5465
6630 5271
6631 4871
6632 4757
6633 4701
6634 4712
6635 5384
6636 4435
6637 4945
6638 3016
6639 3485
6640 1590
6641 3098
6642 2988
6643 1244
6644 3352
6645 3174
6646 1688
6647 3611
6648 2788
6649 1553
6650 3188
6651 3465
6652 3510
6653 1500
6654 1726
6655 3859
6656 3015
6657 3449
6658 3408
6659 1576
6660 2490
6661 3165
6662 3695
6663 3575
6664 1467
6665 3173
6666 3085
6667 2541
6668 3079
6669 2875
6670 3075
6671 2472
6672 2948
6673 3120
6674 2770
6675 3112
6676 3294
6677 2874
6678 2794
6679 3516
6680 3393
6681 2886
6682 2990
6683 3127
6684 3090
6685 2811
6686 2382
6687 4219
6688 1171
6689 1121
6690 1804
6691 2813
6692 1018
6693 2383
6694 955
6695 3077
6696 2580
6697 1117
6698 1047
6699 3343
6700 1249
6701 3307
6702 3195
6703 704
6704 2192
6705 1568
6706 3703
6707 2759
6708 3429
6709 3506
6710 3320
6711 668
6712 1070
6713 2574
6714 2053
6715 3276
6716 1069
6717 948
6718 1906
6719 1902
6720 1860
6721 1876
6722 3242
6723 3040
6724 3264
6725 3256
6726 3728
6727 3577
6728 1937
6729 1077
6730 2115
6731 3205
6732 915
6733 818
6734 1433
6735 2545
6736 3100
6737 3492
6738 3810
6739 3868
6740 3352
6741 3932
6742 3234
6743 3206
6744 2147
6745 3740
6746 3685
6747 3574
6748 4014
6749 2988
6750 2687
6751 1106
6752 1318
6753 1447
6754 3322
6755 2715
6756 2728
6757 3001
6758 4624
6759 2798
6760 2805
6761 3022
6762 2802
6763 3620
6764 2374
6765 4093
6766 2610
6767 3653
6768 1394
6769 1476
6770 2606
6771 1331
6772 2771
6773 2510
6774 2593
6775 2323
6776 3668
6777 4359
6778 2415
6779 2743
6780 3974
6781 1293
6782 2646
6783 1167
6784 1423
6785 3455
6786 3504
6787 1611
6788 2383
6789 1092
6790 1218
6791 2719
6792 1327
6793 1127
6794 1164
6795 1549
6796 1224
6797 3965
6798 1311
6799 1469
6800 1288
6801 1117
6802 2206
6803 2304
6804 2525
6805 1015
6806 2613
6807 2814
6808 3560
6809 4502
6810 4286
6811 2780
6812 3423
6813 3188
6814 2244
6815 3693
6816 2463
6817 3492
6818 3908
6819 3930
6820 2881
6821 1282
6822 981
6823 4050
6824 1126
6825 1336
6826 1243
6827 1180
6828 3371
6829 3553
6830 2766
6831 2527
6832 3616
6833 1362
6834 1292
6835 1114
6836 2468
6837 3669
6838 3533
6839 3516
6840 4193
6841 2914
6842 1053
6843 2159
6844 2273
6845 2417
6846 988
6847 3351
6848 3648
6849 3024
6850 2675
6851 3299
6852 3780
6853 3648
6854 3470
6855 3949
6856 3774
6857 3258
6858 3359
6859 3440
6860 3038
6861 2734
6862 3393
6863 2212
6864 3438
6865 3093
6866 3335
6867 3568
6868 3871
6869 3243
6870 3172
6871 2827
6872 3188
6873 3432
6874 3121
6875 3290
6876 3052
6877 3707
6878 2919
6879 2324
6880 2509
6881 2000
6882 1531
6883 2498
6884 2259
6885 2948
6886 2621
6887 1866
6888 1566
6889 2008
6890 2441
6891 2079
6892 2764
6893 3084
6894 2788
6895 1698
6896 1735
6897 2129
6898 1975
6899 1041
6900 2711
6901 3054
6902 3732
6903 3617
6904 3743
6905 3345
6906 3153
6907 3291
6908 3549
6909 2558
6910 3383
6911 3389
6912 3467
6913 3052
6914 3604
6915 3684
6916 3336
6917 3112
6918 2523
6919 4875
6920 3067
6921 3293
6922 2829
6923 2998
6924 3958
6925 3203
6926 1975
6927 2137
6928 2926
6929 1613
6930 3199
6931 1307
6932 1399
6933 1042
6934 1525
6935 1376
6936 1241
6937 1391
6938 1882
6939 923
6940 1162
6941 1349
6942 1213
6943 1183
6944 1432
6945 2619
6946 1262
6947 483
6948 1420
6949 1321
6950 2506
6951 1056
6952 1084
6953 2108
6954 2664
6955 1337
6956 1384
6957 2906
6958 1187
6959 2469
6960 1040
6961 1231
6962 2624
6963 1567
6964 1455
6965 5801
6966 3709
6967 2598
6968 4598
6969 3490
6970 3053
6971 1441
6972 3074
6973 4048
6974 5253
6975 1399
6976 1479
6977 1470
6978 3896
6979 4924
6980 5796
6981 4113
6982 1595
6983 1527
6984 2905
6985 3819
6986 5435
6987 4708
6988 2909
6989 3319
6990 515
6991 2006
6992 3084
6993 2267
6994 3111
6995 2371
6996 3225
6997 3014
6998 3708
6999 3206
7000 2120
7001 3625
7002 1707
7003 2735
7004 2127
7005 2995
7006 4248
7007 1224
7008 1304
7009 2697
7010 2492
7011 3414
7012 1342
7013 3760
7014 4356
7015 4475
7016 4156
7017 1168
7018 2412
7019 2892
7020 3129
7021 3831
7022 2874
7023 1508
7024 4148
7025 2494
7026 3401
7027 1237
7028 2835
7029 2049
7030 1826
7031 2260
7032 2132
7033 3750
7034 3887
7035 3236
7036 3413
7037 3826
7038 2368
7039 2245
7040 4528
7041 4205
7042 2402
7043 3529
7044 3427
7045 1244
7046 4194
7047 1305
7048 3899
7049 2343
7050 3598
7051 1327
7052 1216
7053 3866
7054 3893
7055 2627
7056 2429
7057 2438
7058 4164
7059 1068
7060 1147
7061 3869
7062 3924
7063 1140
7064 2446
7065 4865
7066 3197
7067 3514
7068 2866
7069 1505
7070 3144
7071 3193
7072 1032
7073 998
7074 2357
7075 2008
7076 2162
7077 1008
7078 2234
7079 2938
7080 1693
7081 3350
7082 2242
7083 2160
7084 1112
7085 2421
7086 1226
7087 2293
7088 2020
7089 2785
7090 2071
7091 3342
7092 2801
7093 2691
7094 3474
7095 2060
7096 3947
7097 1107
7098 4048
7099 2989
7100 3051
7101 2772
7102 2856
7103 2371
7104 2265
7105 3414
7106 2000
7107 3591
7108 2480
7109 2585
7110 3522
7111 1069
7112 2079
7113 2107
7114 3005
7115 2279
7116 1226
7117 1104
7118 2767
7119 1108
7120 2799
7121 2762
7122 1541
7123 1470
7124 2851
7125 2962
7126 1129
7127 2974
7128 2057
7129 3023
7130 3990
7131 2942
7132 4377
7133 2864
7134 2746
7135 2489
7136 3482
7137 3997
7138 5024
7139 2757
7140 2688
7141 1224
7142 2729
7143 2839
7144 2428
7145 3994
7146 2569
7147 4533
7148 2567
7149 3948
7150 4581
7151 5212
7152 4347
7153 2956
7154 1208
7155 3150
7156 2542
7157 3359
7158 4211
7159 3911
7160 3323
7161 2972
7162 3242
7163 4333
7164 2389
7165 4317
7166 2349
7167 1923
7168 3422
7169 1840
7170 2264
7171 2661
7172 2330
7173 1790
7174 2428
7175 1812
7176 2359
7177 3339
7178 2519
7179 1047
7180 2231
7181 1624
7182 1660
7183 2042
7184 2145
7185 2313
7186 2613
7187 2374
7188 2261
7189 1067
7190 2908
7191 941
7192 4553
7193 2627
7194 2242
7195 1204
7196 2857
7197 1109
7198 2522
7199 3084
7200 2072
7201 1961
7202 3197
7203 3522
7204 3139
7205 2553
7206 2246
7207 3323
7208 3622
7209 3658
7210 2180
7211 3285
7212 3939
7213 2792
7214 3935
7215 2746
7216 3059
7217 4795
7218 3305
7219 3593
7220 3379
7221 3573
7222 3329
7223 3385
7224 3941
7225 3692
7226 3084
7227 3243
7228 1885
7229 1160
7230 1949
7231 3700
7232 3745
7233 3270
7234 3227
7235 3668
7236 3341
7237 3822
7238 2069
7239 3440
7240 3092
7241 1961
7242 1973
7243 1100
7244 3076
7245 1020
7246 1990
7247 2449
7248 2645
7249 2529
7250 2401
7251 742
7252 2485
7253 1819
7254 1520
7255 2704
7256 2498
7257 2080
7258 1710
7259 1761
7260 1543
7261 2560
7262 841
7263 2218
7264 2357
7265 738
7266 1673
7267 2666
7268 2624
7269 2782
7270 2143
7271 3748
7272 3688
7273 2825
7274 2354
7275 2499
7276 2794
7277 2884
7278 3460
7279 2596
7280 4003
7281 2637
7282 3312
7283 3551
7284 2617
7285 2193
7286 4165
7287 2372
7288 4152
7289 1255
7290 5946
7291 1293
7292 4179
7293 2802
7294 3558
7295 3582
7296 4375
7297 1105
7298 2392
7299 1296
7300 4991
7301 2639
7302 3504
7303 1185
7304 3927
7305 4385
7306 2516
7307 4006
7308 1263
7309 1229
7310 4129
7311 2543
7312 893
7313 2341
7314 4836
7315 3470
7316 3251
7317 3004
7318 2975
7319 3264
7320 828
7321 751
7322 3227
7323 2130
7324 826
7325 3067
7326 3493
7327 3720
7328 2356
7329 3062
7330 3182
7331 2425
7332 4762
7333 2656
7334 1964
7335 4049
7336 3643
7337 3428
7338 3637
7339 4323
7340 4331
7341 3090
7342 2904
7343 2094
7344 3339
7345 4909
7346 3317
7347 3560
7348 4349
7349 3522
7350 4457
7351 3767
7352 2371
7353 982
7354 1211
7355 1150
7356 554
7357 673
7358 613
7359 1352
7360 1581
7361 1146
7362 1567
7363 637
7364 1247
7365 1696
7366 1351
7367 1566
7368 1305
7369 768
7370 706
7371 1586
7372 1605
7373 1366
7374 1689
7375 1332
7376 626
7377 1943
7378 1806
7379 1963
7380 1874
7381 2953
7382 3025
7383 3218
7384 2043
7385 2808
7386 2989
7387 3254
7388 2302
7389 3177
7390 3414
7391 2426
7392 1920
7393 2046
7394 2233
7395 1608
7396 1818
7397 1870
7398 1443
7399 1723
7400 2359
7401 2167
7402 2571
7403 1706
7404 1754
7405 1866
7406 1798
7407 3028
7408 1907
7409 2529
7410 2012
7411 1793
7412 2375
7413 1952
7414 1978
7415 1629
7416 1887
7417 1975
7418 3665
7419 3136
7420 2238
7421 1075
7422 2980
7423 2074
7424 2615
7425 3684
7426 2932
7427 995
7428 1918
7429 3116
7430 2672
7431 1079
7432 2068
7433 2038
7434 1097
7435 1921
7436 3322
7437 2554
7438 3568
7439 2714
7440 2706
7441 3219
7442 2123
7443 3451
7444 1740
7445 1295
7446 965
7447 902
7448 2186
7449 1174
7450 3713
7451 2685
7452 1815
7453 2358
7454 2058
7455 2125
7456 2725
7457 2598
7458 2098
7459 2744
7460 3534
7461 1030
7462 3318
7463 4353
7464 3048
7465 2197
7466 3387
7467 3693
7468 1022
7469 2544
7470 2277
7471 3148
7472 1160
7473 2500
7474 2034
7475 2509
7476 3365
7477 1203
7478 2231
7479 2349
7480 1229
7481 2205
7482 2214
7483 3790
7484 3780
7485 3478
7486 2405
7487 2948
7488 2755
7489 2791
7490 3450
7491 1223
7492 1666
7493 5662
7494 2720
7495 3021
7496 3300
7497 2936
7498 3532
7499 3296
7500 3599
7501 3481
7502 3953
7503 3261
7504 1559
7505 2909
7506 3081
7507 3059
7508 3257
7509 3159
7510 2910
7511 2797
7512 1337
7513 4721
7514 1438
7515 752
7516 1061
7517 956
7518 994
7519 852
7520 835
7521 955
7522 2128
7523 1972
7524 3242
7525 1140
7526 1012
7527 1150
7528 1096
7529 880
7530 3319
7531 1733
7532 1985
7533 3121
7534 1179
7535 1042
7536 1025
7537 3533
7538 855
7539 1004
7540 1804
7541 1631
7542 4356
7543 3149
7544 4025
7545 1613
7546 4828
7547 3261
7548 2980
7549 3359
7550 4577
7551 3173
7552 2880
7553 4083
7554 2899
7555 1510
7556 1527
7557 1750
7558 856
7559 897
7560 790
7561 1945
7562 1932
7563 2301
7564 2123
7565 2515
7566 2548
7567 1978
7568 939
7569 836
7570 807
7571 718
7572 1069
7573 1327
7574 2096
7575 2539
7576 1002
7577 1219
7578 3137
7579 2435
7580 4190
7581 2101
7582 3513
7583 2209
7584 2503
7585 2538
7586 1225
7587 1300
7588 2671
7589 2241
7590 2000
7591 3309
7592 2207
7593 4078
7594 2334
7595 2397
7596 2290
7597 3868
7598 3142
7599 3849
7600 2880
7601 3348
7602 857
7603 2183
7604 2368
7605 2886
7606 1882
7607 831
7608 2028
7609 1865
7610 1734
7611 911
7612 3008
7613 961
7614 2038
7615 989
7616 1903
7617 794
7618 2080
7619 2027
7620 2665
7621 1095
7622 1381
7623 3191
7624 2816
7625 1322
7626 1131
7627 1200
7628 1444
7629 2067
7630 3662
7631 1193
7632 1174
7633 1110
7634 1150
7635 1414
7636 1386
7637 1415
7638 1187
7639 1217
7640 1311
7641 1120
7642 1109
7643 1220
7644 1340
7645 3195
7646 1197
7647 1478
7648 1107
7649 1389
7650 2859
7651 2701
7652 1104
7653 1364
7654 1469
7655 1259
7656 1473
7657 1574
7658 1182
7659 1303
7660 1328
7661 1409
7662 2521
7663 1201
7664 3085
7665 1201
7666 2524
7667 1209
7668 4537
7669 4676
7670 4702
7671 4318
7672 4215
7673 4157
7674 5079
7675 4639
7676 4620
7677 4964
7678 4371
7679 1320
7680 1412
7681 1349
7682 4268
7683 2666
7684 1382
7685 2472
7686 1335
7687 1065
7688 2773
7689 3535
7690 1402
7691 1194
7692 1108
7693 2583
7694 1271
7695 1264
7696 1231
7697 1349
7698 1289
7699 1117
7700 3020
7701 1820
7702 1332
7703 1289
7704 1130
7705 1032
7706 1456
7707 1373
7708 1208
7709 1780
7710 675
7711 2087
7712 1258
7713 1355
7714 1058
7715 1130
7716 858
7717 3883
7718 3832
7719 2714
7720 1114
7721 2246
7722 2161
7723 2013
7724 2392
7725 2327
7726 1238
7727 2292
7728 1258
7729 3218
7730 1398
7731 2597
7732 1205
7733 1014
7734 1989
7735 3315
7736 3057
7737 3076
7738 4224
7739 1343
7740 945
7741 1207
7742 2150
7743 1921
7744 1958
7745 3844
7746 1175
7747 1046
7748 1138
7749 1092
7750 1130
7751 3181
7752 1117
7753 1154
7754 1435
7755 2428
7756 2094
7757 2531
7758 2240
7759 1180
7760 2868
7761 1133
7762 1285
7763 2230
7764 1155
7765 1023
7766 1733
7767 2121
7768 1121
7769 1026
7770 3827
7771 3841
7772 2588
7773 1219
7774 1236
7775 1112
7776 2662
7777 1287
7778 2585
7779 2348
7780 1231
7781 2088
7782 1219
7783 1412
7784 1315
7785 1405
7786 1087
7787 2794
7788 1386
7789 1252
7790 1257
7791 969
7792 2010
7793 1143
7794 2961
7795 1204
7796 2189
7797 2332
7798 1189
7799 1122
7800 1374
7801 2241
7802 1231
7803 1105
7804 1095
7805 1281
7806 1146
7807 3367
7808 1193
7809 2546
7810 4380
7811 1358
7812 1249
7813 1772
7814 2982
7815 1001
7816 3103
7817 4439
7818 2249
7819 1304
7820 1213
7821 4157
7822 1036
7823 1255
7824 1159
7825 1439
7826 1542
7827 3823
7828 2855
7829 3076
7830 1368
7831 1319
7832 1438
7833 1251
7834 1302
7835 1535
7836 1138
7837 3390
7838 2692
7839 1293
7840 2181
7841 1478
7842 3837
7843 1396
7844 1309
7845 2664
7846 2902
7847 3605
7848 2617
7849 2405
7850 4112
7851 3124
7852 2545
7853 3454
7854 3520
7855 2517
7856 2638
7857 4390
7858 4596
7859 2699
7860 1202
7861 2632
7862 2907
7863 4844
7864 4916
7865 2431
7866 2851
7867 2885
7868 2655
7869 2998
7870 2258
7871 905
7872 1153
7873 1129
7874 4080
7875 2717
7876 1189
7877 1120
7878 839
7879 2533
7880 2758
7881 1184
7882 2763
7883 3854
7884 1172
7885 2923
7886 1194
7887 3855
7888 1407
7889 1086
7890 3625
7891 1204
7892 1005
7893 1223
7894 1262
7895 1369
7896 2135
7897 2253
7898 2449
7899 1343
7900 2163
7901 2446
7902 912
7903 2445
7904 1207
7905 1209
7906 1380
7907 1028
7908 2667
7909 1015
7910 1244
7911 1209
7912 1199
7913 1136
7914 1553
7915 1333
7916 2400
7917 1218
7918 1298
7919 1233
7920 1360
7921 1155
7922 2505
7923 1272
7924 1803
7925 2339
7926 2636
7927 2531
7928 2187
7929 2247
7930 1369
7931 2469
7932 1159
7933 1285
7934 1181
7935 2230
7936 2320
7937 2357
7938 2466
7939 1139
7940 1280
7941 1257
7942 2398
7943 1157
7944 1284
7945 1264
7946 5960
7947 4939
7948 6093
7949 5322
7950 5694
7951 4887
7952 5804
7953 4683
7954 4543
7955 4132
7956 5421
7957 6773
7958 6366
7959 1411
7960 1156
7961 1280
7962 1362
7963 1274
7964 1514
7965 2213
7966 1131
7967 1363
7968 3809
7969 1378
7970 1374
7971 1150
7972 1259
7973 1512
7974 2275
7975 1362
7976 2761
7977 1497
7978 1444
7979 2163
7980 2829
7981 1217
7982 1535
7983 2603
7984 2340
7985 1504
7986 1160
7987 1095
7988 1186
7989 1380
7990 2352
7991 1175
7992 1405
7993 1392
7994 1668
7995 3099
7996 3092
7997 1902
7998 3136
7999 1179
8000 3422
8001 3570
8002 2955
8003 1327
8004 660
8005 772
8006 2059
8007 1866
8008 3300
8009 1850
8010 1016
8011 2224
8012 835
8013 782
8014 867
8015 2951
8016 856
8017 942
8018 835
8019 3071
8020 948
8021 2672
8022 2181
8023 2136
8024 862
8025 833
8026 895
8027 1445
8028 961
8029 1053
8030 1706
8031 877
8032 1021
8033 858
8034 900
8035 3360
8036 3542
8037 1030
8038 1004
8039 879
8040 3013
8041 855
8042 2108
8043 1962
8044 752
8045 3469
8046 2974
8047 3163
8048 3616
8049 1016
8050 2389
8051 999
8052 1635
8053 2438
8054 2193
8055 1828
8056 729
8057 1762
8058 2120
8059 1808
8060 1458
8061 1705
8062 825
8063 2525
8064 1854
8065 2674
8066 1837
8067 1870
8068 1893
8069 1855
8070 1913
8071 1698
8072 2198
8073 1060
8074 1890
8075 3956
8076 4425
8077 5165
8078 4958
8079 4189
8080 3861
8081 5399
8082 4165
8083 4504
8084 5879
8085 3749
8086 5202
8087 4532
8088 3665
8089 4287
8090 3725
8091 4375
8092 3788
8093 4650
8094 5352
8095 4295
8096 3332
8097 4712
8098 994
8099 832
8100 888
8101 2158
8102 1963
8103 2091
8104 1611
8105 776
8106 949
8107 850
8108 1689
8109 1388
8110 1694
8111 971
8112 889
8113 747
8114 737
8115 1046
8116 887
8117 1058
8118 2055
8119 846
8120 938
8121 849
8122 833
8123 2194
8124 2088
8125 1798
8126 782
8127 970
8128 817
8129 3292
8130 3348
8131 4505
8132 2509
8133 2173
8134 807
8135 3901
8136 2407
8137 1103
8138 3733
8139 2134
8140 1547
8141 1036
8142 3291
8143 885
8144 1671
8145 1016
8146 1933
8147 1421
8148 1154
8149 1233
8150 1477
8151 1186
8152 556
8153 447
8154 495
8155 644
8156 1096
8157 1523
8158 1689
8159 1169
8160 547
8161 456
8162 487
8163 638
8164 452
8165 968
8166 1408
8167 386
8168 510
8169 1429
8170 532
8171 949
8172 1025
8173 1177
8174 951
8175 425
8176 1743
8177 1139
8178 3339
8179 3135
8180 2084
8181 2337
8182 1415
8183 1991
8184 2437
8185 2294
8186 3136
8187 2687
8188 1615
8189 2082
8190 2143
8191 2720
8192 3409
8193 2484
8194 1593
8195 1660
8196 1308
8197 1867
8198 2199
8199 1531
8200 736
8201 1176
8202 847
8203 763
8204 1181
8205 1648
8206 1509
8207 1568
8208 1524
8209 1857
8210 2141
8211 1655
8212 1487
8213 1651
8214 1611
8215 782
8216 855
8217 1750
8218 660
8219 1351
8220 694
8221 539
8222 601
8223 1756
8224 799
8225 1083
8226 2202
8227 1085
8228 480
8229 1944
8230 1931
8231 2085
8232 564
8233 618
8234 1121
8235 1308
8236 1907
8237 1162
8238 459
8239 610
8240 714
8241 548
8242 2012
8243 363
8244 449
8245 576
8246 502
8247 603
8248 1188
8249 2428
8250 2662
8251 2840
8252 2299
8253 2351
8254 1659
8255 2162
8256 2107
8257 2622
8258 2296
8259 2213
8260 1715
8261 2291
8262 2159
8263 2569
8264 1674
8265 1826
8266 857
8267 1904
8268 1016
8269 919
8270 1695
8271 1949
8272 906
8273 962
8274 1948
8275 1363
8276 1921
8277 1776
8278 1761
8279 2167
8280 2033
8281 1707
8282 1056
8283 920
8284 2370
8285 928
8286 866
8287 819
8288 856
8289 2408
8290 2819
8291 891
8292 943
8293 1173
8294 916
8295 817
8296 2095
8297 2189
8298 2063
8299 809
8300 1997
8301 1827
8302 1178
8303 2032
8304 892
8305 3181
8306 905
8307 847
8308 2926
8309 862
8310 853
8311 1071
8312 969
8313 894
8314 2756
8315 1417
8316 1401
8317 1530
8318 3522
8319 3256
8320 2541
8321 3090
8322 1511
8323 1458
8324 2438
8325 2610
8326 2742
8327 2539
8328 1514
8329 1499
8330 1255
8331 1441
8332 2537
8333 1630
8334 1568
8335 2930
8336 1313
8337 1487
8338 2545
8339 2876
8340 3220
8341 3277
8342 2797
8343 1664
8344 2990
8345 2836
8346 1334
8347 1415
8348 2948
8349 650
8350 700
8351 630
8352 1475
8353 1229
8354 1923
8355 659
8356 611
8357 624
8358 2098
8359 614
8360 1245
8361 692
8362 720
8363 701
8364 659
8365 618
8366 519
8367 615
8368 1415
8369 1425
8370 1368
8371 1545
8372 575
8373 927
8374 1278
8375 782
8376 812
8377 1762
8378 1659
8379 914
8380 1798
8381 2682
8382 1813
8383 1657
8384 1903
8385 2027
8386 926
8387 812
8388 1040
8389 917
8390 836
8391 1841
8392 846
8393 2414
8394 2291
8395 2518
8396 1100
8397 2495
8398 3800
8399 2359
8400 2368
8401 4364
8402 1313
8403 2854
8404 1214
8405 2791
8406 2192
8407 3747
8408 2410
8409 2370
8410 2496
8411 2348
8412 2185
8413 2426
8414 2925
8415 2607
8416 2374
8417 2968
8418 879
8419 1822
8420 2772
8421 2047
8422 1816
8423 1771
8424 1869
8425 2702
8426 1777
8427 1697
8428 831
8429 2321
8430 946
8431 3380
8432 2034
8433 2069
8434 3264
8435 1830
8436 1849
8437 1898
8438 3520
8439 3535
8440 3546
8441 5492
8442 1784
8443 3553
8444 4005
8445 4164
8446 3410
8447 6955
8448 6885
8449 6006
8450 5470
8451 1525
8452 3768
8453 1137
8454 1160
8455 3418
8456 1021
8457 1375
8458 4177
8459 3587
8460 2523
8461 2306
8462 1168
8463 4712
8464 1609
8465 1297
8466 1409
8467 1303
8468 1178
8469 1747
8470 2300
8471 1469
8472 3954
8473 3923
8474 3539
8475 3751
8476 3314
8477 5277
8478 1261
8479 1056
8480 2799
8481 3675
8482 2744
8483 2629
8484 3960
8485 1281
8486 2630
8487 4393
8488 3543
8489 1665
8490 5587
8491 3076
8492 2288
8493 2482
8494 2600
8495 2703
8496 2761
8497 3676
8498 1280
8499 902
8500 3630
8501 1961
8502 3805
8503 3578
8504 3793
8505 2788
8506 3775
8507 1778
8508 2360
8509 1070
8510 3351
8511 3471
8512 1155
8513 2578
8514 3404
8515 2990
8516 2128
8517 3675
8518 2245
8519 995
8520 3739
8521 3174
8522 3944
8523 2625
8524 2853
8525 3510
8526 2923
8527 3261
8528 2343
8529 2740
8530 3450
8531 2470
8532 4041
8533 4007
8534 2601
8535 2422
8536 2452
8537 2845
8538 4493
8539 2376
8540 2867
8541 2383
8542 2273
8543 2825
8544 2608
8545 3108
8546 3057
8547 3156
8548 1162
8549 2268
8550 2543
8551 3368
8552 2815
8553 2176
8554 2623
8555 2643
8556 2727
8557 1250
8558 3954
8559 2884
8560 1084
8561 1208
8562 1398
8563 1379
8564 1224
8565 1089
8566 2348
8567 2168
8568 2285
8569 2339
8570 3867
8571 1207
8572 2396
8573 2249
8574 1005
8575 940
8576 2922
8577 2352
8578 3175
8579 2043
8580 2135
8581 2143
8582 2252
8583 933
8584 1195
8585 3361
8586 1195
8587 1167
8588 937
8589 979
8590 2561
8591 2349
8592 1759
8593 1001
8594 1438
8595 1305
8596 2313
8597 3996
8598 3948
8599 2608
8600 2931
8601 4865
8602 2822
8603 2262
8604 1531
8605 2454
8606 3413
8607 3084
8608 1382
8609 1328
8610 1221
8611 1116
8612 1308
8613 2404
8614 4350
8615 1356
8616 1679
8617 1145
8618 1241
8619 2201
8620 1220
8621 2200
8622 3208
8623 3345
8624 3665
8625 3806
8626 2931
8627 2651
8628 3035
8629 3022
8630 3116
8631 4000
8632 2908
8633 2990
8634 2893
8635 3134
8636 3224
8637 3458
8638 3568
8639 3071
8640 3509
8641 3627
8642 3098
8643 3368
8644 4192
8645 3028
8646 1141
8647 2717
8648 3030
8649 1379
8650 1346
8651 1132
8652 2786
8653 2659
8654 1178
8655 2769
8656 2510
8657 2222
8658 2973
8659 1553
8660 1332
8661 3046
8662 1325
8663 1483
8664 2803
8665 2837
8666 1233
8667 2720
8668 2754
8669 2640
8670 2714
8671 2588
8672 2514
8673 2687
8674 1397
8675 1956
8676 2424
8677 2094
8678 2157
8679 2448
8680 2033
8681 1911
8682 3311
8683 988
8684 1074
8685 1164
8686 3467
8687 1027
8688 3519
8689 1109
8690 1915
8691 1965
8692 2259
8693 1093
8694 1115
8695 1691
8696 2422
8697 1648
8698 3073
8699 1014
8700 2122
8701 1413
8702 3299
8703 2129
8704 827
8705 1010
8706 1863
8707 840
8708 1041
8709 1408
8710 2185
8711 1885
8712 1059
8713 1947
8714 3026
8715 961
8716 2711
8717 1961
8718 1862
8719 2201
8720 1002
8721 991
8722 1963
8723 1959
8724 933
8725 2003
8726 2119
8727 2033
8728 2906
8729 1794
8730 1950
8731 1660
8732 1420
8733 1439
8734 1360
8735 1558
8736 1592
8737 1481
8738 1390
8739 750
8740 763
8741 1636
8742 813
8743 740
8744 1870
8745 743
8746 1572
8747 1548
8748 1232
8749 837
8750 878
8751 751
8752 846
8753 1331
8754 550
8755 776
8756 2224
8757 1390
8758 1363
8759 867
8760 1667
8761 2320
8762 1643
8763 1466
8764 722
8765 1496
8766 1392
8767 1514
8768 772
8769 1520
8770 1479
8771 744
8772 1685
8773 1729
8774 740
8775 762
8776 1054
8777 1413
8778 1667
8779 1426
8780 1646
8781 2359
8782 671
8783 1231
8784 1464
8785 1394
8786 1420
8787 2023
8788 1495
8789 1326
8790 2190
8791 2480
8792 2750
8793 2278
8794 2556
8795 2279
8796 2432
8797 1146
8798 2352
8799 1301
8800 2901
8801 1109
8802 1384
8803 2686
8804 3068
8805 1246
8806 1027
8807 3178
8808 2755
8809 1286
8810 1128
8811 2824
8812 2188
8813 2582
8814 569
8815 1282
8816 608
8817 762
8818 685
8819 698
8820 480
8821 1279
8822 1414
8823 1466
8824 1417
8825 571
8826 509
8827 532
8828 595
8829 1574
8830 1333
8831 1318
8832 1483
8833 1455
8834 713
8835 697
8836 1000
8837 1197
8838 1368
8839 1339
8840 1166
8841 1046
8842 1239
8843 1285
8844 2648
8845 1873
8846 2789
8847 2691
8848 2976
8849 1470
8850 1387
8851 1189
8852 923
8853 1129
8854 1151
8855 1406
8856 1037
8857 1059
8858 1200
8859 1033
8860 986
8861 1130
8862 2279
8863 2446
8864 1453
8865 2627
8866 2455
8867 998
8868 1088
8869 1020
8870 2638
8871 2541
8872 1090
8873 1042
8874 1227
8875 1136
8876 2918
8877 2092
8878 4156
8879 3549
8880 3988
8881 2861
8882 3914
8883 3660
8884 3907
8885 3383
8886 1170
8887 3486
8888 1895
8889 2360
8890 1148
8891 2922
8892 1091
8893 1132
8894 2564
8895 1341
8896 1242
8897 1220
8898 2752
8899 1802
8900 2366
8901 1179
8902 1447
8903 2828
8904 1330
8905 1265
8906 1428
8907 1430
8908 1355
8909 2860
8910 4022
8911 1471
8912 1280
8913 1412
8914 2691
8915 1522
8916 1719
8917 1523
8918 2861
8919 1371
8920 1287
8921 1630
8922 1306
8923 1253
8924 2630
8925 1524
8926 1328
8927 1382
8928 2868
8929 2364
8930 1233
8931 3808
8932 4003
8933 3881
8934 4143
8935 3719
8936 2137
8937 2034
8938 1152
8939 1125
8940 3116
8941 1624
8942 1108
8943 1100
8944 993
8945 1041
8946 2105
8947 2177
8948 708
8949 3305
8950 2210
8951 2839
8952 3602
8953 1664
8954 2923
8955 3115
8956 3416
8957 1253
8958 2079
8959 2275
8960 2854
8961 1897
8962 1976
8963 946
8964 1490
8965 675
8966 417
8967 794
8968 592
8969 1284
8970 529
8971 437
8972 2048
8973 2527
8974 1310
8975 1399
8976 1170
8977 508
8978 2382
8979 733
8980 1729
8981 3684
8982 3972
8983 4785
8984 4280
8985 3618
8986 3687
8987 1951
8988 2637
8989 2904
8990 2356
8991 3952
8992 2481
8993 3263
8994 2512
8995 3302
8996 1351
8997 3581
8998 1235
8999 3168
9000 2469
9001 1202
9002 1402
9003 1320
9004 3121
9005 3316
9006 4658
9007 2859
9008 1733
9009 3905
9010 4707
9011 3898
9012 3035
9013 2782
9014 1072
9015 4763
9016 1173
9017 1808
9018 2322
9019 2576
9020 2308
9021 1742
9022 1027
9023 1497
9024 2134
9025 2502
9026 2097
9027 917
9028 2932
9029 2544
9030 1593
9031 1386
9032 884
9033 2063
9034 1624
9035 912
9036 1711
9037 2696
9038 1673
9039 716
9040 2865
9041 2097
9042 1591
9043 3123
9044 3652
9045 3292
9046 3904
9047 2297
9048 3878
9049 1997
9050 2803
9051 3298
9052 3725
9053 2468
9054 3500
9055 2368
9056 3471
9057 1566
9058 2159
9059 1976
9060 3229
9061 2275
9062 2280
9063 3588
9064 2610
9065 3224
9066 2829
9067 2277
9068 3349
9069 2094
9070 1884
9071 2243
9072 2092
9073 2624
9074 3137
9075 2573
9076 3328
9077 1047
9078 2521
9079 3754
9080 1185
9081 1861
9082 2259
9083 1086
9084 952
9085 1135
9086 3014
9087 1067
9088 1985
9089 3284
9090 2149
9091 2496
9092 2204
9093 2146
9094 871
9095 1027
9096 1995
9097 2078
9098 3401
9099 2138
9100 3123
9101 3163
9102 3107
9103 3662
9104 3573
9105 3610
9106 3412
9107 2384
9108 924
9109 1992
9110 2390
9111 2438
9112 1783
9113 2236
9114 2165
9115 2219
9116 2743
9117 3256
9118 712
9119 752
9120 3766
9121 830
9122 2536
9123 918
9124 2508
9125 2630
9126 903
9127 1765
9128 1954
9129 2025
9130 2693
9131 2717
9132 2334
9133 1696
9134 741
9135 2604
9136 817
9137 901
9138 926
9139 2469
9140 3309
9141 2764
9142 2434
9143 883
9144 1634
9145 4250
9146 4057
9147 3513
9148 3600
9149 4691
9150 3536
9151 3757
9152 4011
9153 3345
9154 3946
9155 2013
9156 2054
9157 1139
9158 1104
9159 1972
9160 924
9161 1087
9162 1939
9163 1823
9164 2120
9165 2008
9166 1902
9167 1973
9168 1712
9169 976
9170 959
9171 1923
9172 1118
9173 2086
9174 1056
9175 1113
9176 1657
9177 1112
9178 2163
9179 2201
9180 2047
9181 2005
9182 1426
9183 2909
9184 1880
9185 4930
9186 987
9187 2572
9188 888
9189 2238
9190 825
9191 1895
9192 816
9193 2837
9194 2950
9195 781
9196 3658
9197 4108
9198 3914
9199 4160
9200 4995
9201 4646
9202 2732
9203 3757
9204 4483
9205 3758
9206 3917
9207 4067
9208 3875
9209 3762
9210 4119
9211 4969
9212 1186
9213 1345
9214 1190
9215 1815
9216 2129
9217 1133
9218 2315
9219 1085
9220 1129
9221 1116
9222 1159
9223 973
9224 1074
9225 978
9226 2415
9227 1336
9228 1062
9229 937
9230 2332
9231 1294
9232 2427
9233 3089
9234 2725
9235 1175
9236 1277
9237 1059
9238 2163
9239 1222
9240 1023
9241 1109
9242 2151
9243 1175
9244 1372
9245 1110
9246 1036
9247 1105
9248 1113
9249 1147
9250 1071
9251 1141
9252 3099
9253 3392
9254 2372
9255 2001
9256 998
9257 1049
9258 1187
9259 1118
9260 2466
9261 2221
9262 1414
9263 1214
9264 1409
9265 1796
9266 1064
9267 2334
9268 2009
9269 1387
9270 2071
9271 997
9272 1527
9273 2252
9274 1099
9275 1113
9276 2379
9277 2368
9278 2507
9279 2781
9280 3640
9281 2672
9282 1292
9283 1083
9284 1266
9285 2722
9286 2038
9287 1227
9288 3544
9289 2544
9290 2666
9291 2210
9292 1093
9293 1148
9294 1174
9295 1086
9296 1209
9297 3194
9298 2469
9299 995
9300 1067
9301 1286
9302 3473
9303 1218
9304 1281
9305 1076
9306 1163
9307 2887
9308 2980
9309 1266
9310 2865
9311 2546
9312 3598
9313 2726
9314 2797
9315 4843
9316 2966
9317 4717
9318 1412
9319 4535
9320 2463
9321 2726
9322 4381
9323 4435
9324 2723
9325 1177
9326 1185
9327 4667
9328 2420
9329 1239
9330 3662
9331 3410
9332 2911
9333 3652
9334 3010
9335 3544
9336 2162
9337 2909
9338 2967
9339 2971
9340 3214
9341 3065
9342 3651
9343 3136
9344 3098
9345 2083
9346 3032
9347 3297
9348 3048
9349 1944
9350 2093
9351 1908
9352 1963
9353 3065
9354 2778
9355 2992
9356 2523
9357 2680
9358 2816
9359 2682
9360 2978
9361 2357
9362 2759
9363 2856
9364 2827
9365 3719
9366 2342
9367 2973
9368 2472
9369 2590
9370 4750
9371 1475
9372 3660
9373 3262
9374 1366
9375 3931
9376 1547
9377 5386
9378 1409
9379 1572
9380 2138
9381 2782
9382 3088
9383 3823
9384 2592
9385 4850
9386 4150
9387 2019
9388 2288
9389 3206
9390 966
9391 3195
9392 2976
9393 976
9394 2265
9395 1909
9396 983
9397 1923
9398 3408
9399 1997
9400 2193
9401 2948
9402 2870
9403 2151
9404 947
9405 1004
9406 847
9407 1079
9408 4890
9409 3536
9410 3876
9411 3739
9412 2220
9413 3856
9414 3352
9415 3748
9416 3953
9417 3914
9418 1716
9419 2771
9420 3878
9421 3365
9422 2843
9423 1138
9424 3801
9425 3793
9426 3933
9427 2570
9428 2730
9429 2533
9430 2895
9431 2572
9432 3125
9433 2901
9434 4382
9435 3453
9436 2580
9437 2714
9438 2704
9439 3324
9440 2847
9441 3816
9442 3588
9443 3806
9444 3202
9445 3087
9446 3561
9447 3152
9448 3195
9449 3188
9450 3520
9451 3744
9452 3850
9453 3105
9454 2377
9455 1756
9456 2015
9457 2923
9458 2710
9459 2592
9460 3076
9461 2813
9462 2431
9463 2887
9464 2173
9465 2777
9466 2107
9467 2326
9468 1963
9469 2210
9470 2929
9471 2806
9472 948
9473 2048
9474 1041
9475 2958
9476 2063
9477 1982
9478 2010
9479 3089
9480 3214
9481 2218
9482 1982
9483 963
9484 1708
9485 2656
9486 1846
9487 1853
9488 1430
9489 1460
9490 1051
9491 955
9492 2346
9493 2032
9494 3239
9495 2206
9496 2027
9497 1116
9498 2245
9499 2340
9500 2237
9501 2117
9502 2445
9503 1967
9504 2167
9505 1915
9506 2234
9507 2176
9508 2160
9509 2046
9510 2158
9511 2090
9512 2107
9513 2988
9514 3423
9515 2207
9516 2062
9517 999
9518 2338
9519 1263
9520 3261
9521 3417
9522 2277
9523 2486
9524 2350
9525 3504
9526 2713
9527 3947
9528 5237
9529 1206
9530 2480
9531 1925
9532 1258
9533 2882
9534 2390
9535 2710
9536 2971
9537 1968
9538 1982
9539 2063
9540 2056
9541 1476
9542 1692
9543 1555
9544 1802
9545 1639
9546 1918
9547 2007
9548 1803
9549 1892
9550 1865
9551 1562
9552 1833
9553 4023
9554 2743
9555 4074
9556 4038
9557 3834
9558 3436
9559 4527
9560 4160
9561 3392
9562 3591
9563 3734
9564 3642
9565 3562
9566 3424
9567 3863
9568 4445
9569 3534
9570 2194
9571 1362
9572 3126
9573 2695
9574 1662
9575 2251
9576 3297
9577 2908
9578 2770
9579 2725
9580 1718
9581 2725
9582 1605
9583 868
9584 2993
9585 3347
9586 3289
9587 1931
9588 718
9589 990
9590 3190
9591 984
9592 983
9593 3180
9594 1089
9595 1007
9596 1149
9597 1024
9598 1123
9599 2273
9600 2315
9601 2069
9602 968
9603 1079
9604 1185
9605 1103
9606 956
9607 2381
9608 1121
9609 3037
9610 1166
9611 2901
9612 3048
9613 3269
9614 2078
9615 2938
9616 2007
9617 1196
9618 1128
9619 1148
9620 3431
9621 3979
9622 1211
9623 5419
9624 2348
9625 2533
9626 3326
9627 3043
9628 1418
9629 1199
9630 4576
9631 4187
9632 4003
9633 1241
9634 4226
9635 2214
9636 4102
9637 4290
9638 4327
9639 4041
9640 4267
9641 1909
9642 2675
9643 2238
9644 2527
9645 2461
9646 2434
9647 1849
9648 2556
9649 2374
9650 2208
9651 2122
9652 2445
9653 2408
9654 3218
9655 3057
9656 2906
9657 3198
9658 2239
9659 4299
9660 2784
9661 4661
9662 2851
9663 4627
9664 2817
9665 2964
9666 3029
9667 1415
9668 3303
9669 3417
9670 2813
9671 2980
9672 3605
9673 4455
9674 3289
9675 2777
9676 3370
9677 4742
9678 1486
9679 2513
9680 2799
9681 2221
9682 1169
9683 1330
9684 3809
9685 3534
9686 3704
9687 2767
9688 1161
9689 1413
9690 2706
9691 2785
9692 1118
9693 1331
9694 1083
9695 1084
9696 2760
9697 1243
9698 2474
9699 2403
9700 1364
9701 3452
9702 2519
9703 1183
9704 3845
9705 1218
9706 1311
9707 2843
9708 1178
9709 1212
9710 4701
9711 3374
9712 3133
9713 3077
9714 2558
9715 4243
9716 4019
9717 3092
9718 2227
9719 3070
9720 3786
9721 4261
9722 3026
9723 3395
9724 2362
9725 3747
9726 2639
9727 1367
9728 4063
9729 5096
9730 2580
9731 2390
9732 1799
9733 2679
9734 2524
9735 2603
9736 3975
9737 2671
9738 1421
9739 3020
9740 3057
9741 2707
9742 1455
9743 1230
9744 5243
9745 3394
9746 3172
9747 2890
9748 1389
9749 1277
9750 2236
9751 2405
9752 2336
9753 2290
9754 2264
9755 2576
9756 2209
9757 3497
9758 2673
9759 2488
9760 2392
9761 2399
9762 2028
9763 1825
9764 3850
9765 2438
9766 2939
9767 2128
9768 2306
9769 1778
9770 2655
9771 3766
9772 3661
9773 4318
9774 4571
9775 4023
9776 3090
9777 4674
9778 4993
9779 4370
9780 4515
9781 2773
9782 4288
9783 4899
9784 4188
9785 4203
9786 959
9787 954
9788 920
9789 833
9790 1460
9791 886
9792 1204
9793 786
9794 2718
9795 1621
9796 1786
9797 2005
9798 1356
9799 1930
9800 2646
9801 753
9802 823
9803 818
9804 1799
9805 798
9806 877
9807 1699
9808 1130
9809 750
9810 957
9811 3253
9812 950
9813 925
9814 780
9815 2348
9816 2097
9817 1160
9818 2167
9819 1406
9820 616
9821 1670
9822 1131
9823 1287
9824 1078
9825 951
9826 2130
9827 1266
9828 1413
9829 1253
9830 1476
9831 1416
9832 1190
9833 1286
9834 2332
9835 1379
9836 1489
9837 1289
9838 2553
9839 2248
9840 1120
9841 1082
9842 1032
9843 1470
9844 2401
9845 2393
9846 1104
9847 2020
9848 2102
9849 2635
9850 1346
9851 2544
9852 2960
9853 3012
9854 3254
9855 1074
9856 3445
9857 2067
9858 2311
9859 976
9860 1385
9861 3105
9862 3115
9863 1009
9864 1998
9865 1155
9866 1829
9867 2048
9868 1190
9869 1924
9870 1068
9871 2204
9872 3294
9873 2644
9874 1577
9875 2016
9876 2106
9877 2253
9878 2389
9879 2220
9880 1869
9881 1491
9882 2432
9883 2674
9884 2771
9885 1326
9886 1304
9887 2687
9888 3161
9889 3016
9890 2390
9891 1289
9892 1371
9893 2890
9894 1292
9895 1130
9896 1120
9897 2867
9898 2662
9899 3288
9900 2904
9901 3074
9902 4806
9903 4237
9904 3601
9905 2361
9906 3200
9907 1154
9908 2172
9909 2912
9910 2454
9911 2193
9912 2376
9913 2441
9914 2183
9915 1254
9916 2189
9917 2102
9918 2635
9919 2644
9920 1650
9921 1131
9922 1004
9923 1791
9924 1219
9925 2393
9926 2442
9927 1026
9928 1224
9929 1683
9930 987
9931 1653
9932 3796
9933 1833
9934 967
9935 1944
9936 950
9937 3414
9938 1206
9939 837
9940 1117
9941 3912
9942 1965
9943 2491
9944 945
9945 924
9946 2134
9947 2280
9948 1688
9949 2092
9950 1110
9951 2774
9952 2540
9953 3538
9954 2989
9955 4296
9956 2686
9957 4575
9958 4355
9959 2668
9960 2904
9961 2588
9962 3940
9963 2607
9964 2787
9965 4106
9966 3740
9967 4180
9968 3248
9969 4328
9970 3275
9971 3206
9972 4520
9973 2440
9974 2606
9975 2960
9976 2011
9977 2160
9978 1388
9979 2365
9980 1166
9981 1307
9982 1236
9983 2547
9984 1086
9985 1206
9986 1452
9987 2628
9988 2181
9989 2722
9990 2865
9991 1300
9992 1349
9993 2585
9994 2500
9995 1449
9996 1346
9997 1308
9998 1348
9999 1329
10000 2649
10001 2471
10002 2534
10003 1346
10004 1063
10005 3919
10006 1515
10007 1268
10008 1724
10009 1320
10010 3486
10011 3402
10012 3186
10013 2355
10014 4125
10015 1407
10016 3505
10017 3700
10018 3553
10019 3814
10020 3213
10021 3706
10022 3268
10023 1229
10024 3664
10025 1094
10026 2398
